1 0 4 1
2 0 7 1
2 0 11 1
1 0 14 1
3 0 16 1
3 0 20 1
4 0 25 1
4 0 28 1
5 0 38 1
6 0 40 1
5 0 55 1
7 0 63 1
5 0 65 1
5 0 79 1
8 0 96 1
1 0 97 1
2 0 106 1
6 0 106 1
6 0 108 1
6 0 122 1
9 0 146 1
6 0 152 1
10 0 159 1
10 0 162 1
11 0 166 1
6 0 172 1
6 0 172 1
6 0 180 1
12 0 180 1
6 0 182 1
6 0 185 1
6 0 185 1
13 0 193 1
11 0 194 1
11 0 197 1
2 0 197 1
11 0 197 1
5 0 200 1
5 0 202 1
5 0 209 1
10 0 214 1
11 0 217 1
14 0 218 1
10 0 220 1
10 0 222 1
5 0 230 1
10 0 247 1
14 0 250 1
10 0 253 1
10 0 253 1
10 0 260 1
10 0 274 1
10 0 292 1
6 0 308 1
6 0 311 1
6 0 312 1
15 0 314 1
15 0 316 1
14 0 318 1
12 0 319 1
12 0 320 1
6 0 320 1
6 0 346 1
15 0 350 1
6 0 356 1
6 0 364 1
6 0 364 1
6 0 365 1
3 0 366 1
6 0 371 1
3 0 371 1
6 0 373 1
3 0 373 1
3 0 376 1
6 0 383 1
15 0 383 1
16 0 400 1
16 0 406 1
16 0 408 1
16 0 410 1
16 0 411 1
6 0 412 1
6 0 420 1
6 0 433 1
6 0 440 1
6 0 450 1
6 0 451 1
6 0 452 1
6 0 454 1
6 0 455 1
6 0 456 1
6 0 457 1
6 0 458 1
6 0 466 1
5 0 491 1
6 0 492 1
5 0 494 1
5 0 504 1
5 0 504 1
5 0 507 1
5 0 511 1
5 0 513 1
2 0 530 1
6 0 542 1
6 0 543 1
7 0 552 1
6 0 553 1
6 0 555 1
6 0 556 1
6 0 556 1
6 0 559 1
6 0 566 1
5 0 572 1
16 0 573 1
6 0 577 1
16 0 580 1
16 0 584 1
6 0 586 1
17 0 590 1
6 0 595 1
15 0 596 1
6 0 600 1
15 0 603 1
6 0 607 1
9 0 615 1
9 0 616 1
6 0 625 1
6 0 627 1
6 0 635 1
9 0 640 1
6 0 641 1
6 0 644 1
6 0 644 1
6 0 648 1
6 0 649 1
6 0 650 1
6 0 651 1
6 0 658 1
6 0 662 1
7 0 672 1
6 0 687 1
6 0 687 1
6 0 690 1
6 0 691 1
6 0 695 1
15 0 695 1
6 0 697 1
15 0 698 1
15 0 699 1
6 0 703 1
15 0 705 1
15 0 711 1
15 0 712 1
15 0 713 1
15 0 714 1
6 0 718 1
6 0 718 1
14 0 720 1
15 0 721 1
6 0 721 1
15 0 721 1
15 0 727 1
14 0 732 1
6 0 732 1
15 0 734 1
6 0 738 1
15 0 739 1
15 0 741 1
6 0 743 1
6 0 754 1
6 0 755 1
6 0 756 1
6 0 756 1
6 0 768 1
17 0 768 1
14 0 769 1
6 0 782 1
15 0 791 1
6 0 791 1
6 0 791 1
6 0 792 1
15 0 792 1
6 0 797 1
15 0 797 1
15 0 797 1
1 0 798 1
6 0 799 1
15 0 799 1
6 0 800 1
6 0 801 1
7 0 802 1
6 0 802 1
15 0 802 1
15 0 802 1
6 0 802 1
15 0 803 1
6 0 803 1
15 0 803 1
6 0 804 1
7 0 804 1
6 0 805 1
14 0 811 1
6 0 818 1
6 0 820 1
6 0 823 1
1 0 826 1
6 0 826 1
16 0 831 1
16 0 833 1
6 0 833 1
6 0 839 1
6 0 840 1
1 0 841 1
14 0 841 1
1 0 841 1
6 0 841 1
14 0 841 1
6 0 851 1
6 0 852 1
6 0 868 1
6 0 868 1
6 0 875 1
5 0 876 1
5 0 881 1
15 0 883 1
6 0 885 1
6 0 892 1
6 0 893 1
6 0 893 1
6 0 895 1
6 0 895 1
6 0 895 1
6 0 895 1
6 0 898 1
1 0 902 1
1 0 902 1
6 0 903 1
6 0 905 1
9 0 906 1
6 0 912 1
1 0 916 1
1 0 917 1
6 0 918 1
6 0 926 1
6 0 930 1
6 0 931 1
1 0 932 1
6 0 942 1
12 0 942 1
12 0 943 1
12 0 944 1
12 0 945 1
12 0 947 1
1 0 949 1
12 0 950 1
12 0 951 1
6 0 951 1
12 0 959 1
12 0 960 1
6 0 960 1
14 0 967 1
6 0 967 1
6 0 968 1
6 0 976 1
6 0 977 1
12 0 982 1
12 0 985 1
6 0 989 1
1 0 990 1
1 0 994 1
6 0 995 1
1 0 995 1
1 0 998 1
15 0 999 1
1 0 1001 1
1 0 1005 1
6 0 1005 1
15 0 1005 1
9 0 1011 1
6 0 1038 1
14 0 1039 1
1 0 1082 1
1 0 1082 1
1 0 1086 1
6 0 1087 1
6 0 1090 1
6 0 1102 1
6 0 1103 1
1 0 1103 1
6 0 1114 1
6 0 1126 1
6 0 1133 1
15 0 1144 1
6 0 1144 1
6 0 1147 1
14 0 1148 1
6 0 1148 1
6 0 1149 1
6 0 1151 1
6 0 1154 1
15 0 1157 1
14 0 1158 1
6 0 1165 1
15 0 1165 1
6 0 1165 1
6 0 1165 1
6 0 1166 1
6 0 1167 1
6 0 1168 1
6 0 1169 1
6 0 1170 1
6 0 1170 1
6 0 1176 1
15 0 1178 1
6 0 1178 1
6 0 1178 1
6 0 1179 1
15 0 1179 1
15 0 1179 1
14 0 1180 1
15 0 1180 1
14 0 1180 1
6 0 1182 1
1 0 1184 1
6 0 1189 1
6 0 1190 1
1 0 1195 1
1 0 1197 1
1 0 1199 1
6 0 1200 1
6 0 1202 1
6 0 1204 1
1 0 1206 1
6 0 1206 1
1 0 1207 1
6 0 1207 1
6 0 1208 1
13 0 1210 1
6 0 1211 1
6 0 1217 1
1 0 1219 1
6 0 1221 1
15 0 1221 1
6 0 1222 1
1 0 1226 1
1 0 1227 1
6 0 1228 1
1 0 1229 1
14 0 1231 1
6 0 1233 1
1 0 1239 1
1 0 1239 1
1 0 1253 1
6 0 1254 1
1 0 1257 1
5 0 1261 1
1 0 1280 1
1 0 1282 1
18 0 1286 1
6 0 1294 1
6 0 1295 1
5 0 1304 1
6 0 1305 1
1 0 1305 1
6 0 1309 1
1 0 1312 1
6 0 1313 1
6 0 1314 1
6 0 1317 1
1 0 1321 1
6 0 1324 1
1 0 1325 1
1 0 1326 1
6 0 1328 1
6 0 1331 1
6 0 1331 1
6 0 1332 1
6 0 1338 1
1 0 1339 1
6 0 1339 1
6 0 1342 1
6 0 1350 1
1 0 1355 1
6 0 1355 1
6 0 1356 1
6 0 1360 1
1 0 1361 1
1 0 1361 1
1 0 1366 1
17 0 1367 1
1 0 1369 1
17 0 1373 1
1 0 1376 1
6 0 1382 1
6 0 1387 1
6 0 1389 1
6 0 1391 1
6 0 1393 1
1 0 1396 1
17 0 1409 1
1 0 1411 1
6 0 1417 1
1 0 1422 1
1 0 1423 1
6 0 1423 1
6 0 1423 1
1 0 1424 1
1 0 1425 1
1 0 1426 1
7 0 1428 1
1 0 1430 1
6 0 1431 1
1 0 1434 1
6 0 1436 1
1 0 1437 1
1 0 1438 1
17 0 1438 1
6 0 1440 1
6 0 1443 1
6 0 1443 1
6 0 1447 1
6 0 1448 1
6 0 1450 1
1 0 1450 1
1 0 1456 1
14 0 1479 1
14 0 1479 1
14 0 1481 1
14 0 1481 1
14 0 1481 1
14 0 1483 1
14 0 1489 1
14 0 1489 1
14 0 1490 1
9 0 1493 1
14 0 1504 1
14 0 1504 1
14 0 1505 1
1 0 1508 1
7 0 1517 1
7 0 1530 1
1 0 1533 1
1 0 1534 1
1 0 1544 1
6 0 1548 1
6 0 1548 1
6 0 1549 1
15 0 1549 1
14 0 1549 1
15 0 1550 1
15 0 1550 1
6 0 1550 1
6 0 1551 1
15 0 1551 1
15 0 1552 1
6 0 1552 1
15 0 1553 1
14 0 1554 1
6 0 1556 1
1 0 1558 1
6 0 1558 1
1 0 1558 1
6 0 1563 1
6 0 1564 1
6 0 1573 1
6 0 1576 1
15 0 1584 1
1 0 1584 1
1 0 1585 1
6 0 1588 1
6 0 1588 1
1 0 1588 1
1 0 1588 1
16 0 1589 1
6 0 1589 1
6 0 1598 1
6 0 1603 1
6 0 1604 1
6 0 1604 1
15 0 1609 1
15 0 1609 1
1 0 1610 1
6 0 1610 1
6 0 1612 1
6 0 1613 1
6 0 1618 1
1 0 1620 1
6 0 1624 1
1 0 1630 1
15 0 1631 1
6 0 1632 1
6 0 1634 1
6 0 1634 1
6 0 1637 1
1 0 1637 1
6 0 1639 1
6 0 1639 1
1 0 1640 1
6 0 1644 1
6 0 1644 1
1 0 1647 1
1 0 1647 1
6 0 1648 1
1 0 1648 1
6 0 1649 1
6 0 1650 1
6 0 1651 1
6 0 1653 1
6 0 1653 1
6 0 1655 1
1 0 1656 1
6 0 1657 1
6 0 1661 1
6 0 1661 1
6 0 1662 1
15 0 1681 1
6 0 1682 1
15 0 1682 1
15 0 1688 1
15 0 1688 1
6 0 1688 1
15 0 1689 1
15 0 1689 1
15 0 1690 1
6 0 1690 1
15 0 1691 1
6 0 1691 1
15 0 1692 1
15 0 1692 1
15 0 1696 1
15 0 1697 1
15 0 1700 1
6 0 1701 1
6 0 1702 1
1 0 1708 1
15 0 1709 1
1 0 1710 1
6 0 1711 1
6 0 1713 1
6 0 1714 1
17 0 1722 1
15 0 1722 1
1 0 1723 1
6 0 1724 1
6 0 1726 1
1 0 1730 1
1 0 1730 1
1 0 1732 1
1 0 1732 1
1 0 1732 1
1 0 1735 1
1 0 1736 1
1 0 1736 1
1 0 1741 1
1 0 1751 1
6 0 1752 1
1 0 1758 1
13 0 1758 1
6 0 1761 1
1 0 1761 1
6 0 1764 1
6 0 1773 1
16 0 1775 1
19 0 1781 1
6 0 1782 1
1 0 1784 1
6 0 1784 1
6 0 1784 1
6 0 1785 1
6 0 1788 1
6 0 1798 1
6 0 1804 1
6 0 1820 1
6 0 1833 1
1 0 1835 1
6 0 1869 1
6 0 1902 1
6 0 1903 1
6 0 1903 1
15 0 1907 1
14 0 1908 1
6 0 1937 1
6 0 1940 1
1 0 1959 1
6 0 1974 1
6 0 1975 1
1 0 1978 1
6 0 1983 1
1 0 1985 1
6 0 1993 1
1 0 1996 1
15 0 1999 1
6 0 2001 1
15 0 2002 1
6 0 2006 1
6 0 2007 1
6 0 2007 1
15 0 2008 1
14 0 2009 1
14 0 2010 1
6 0 2012 1
6 0 2014 1
6 0 2015 1
6 0 2019 1
6 0 2020 1
6 0 2021 1
6 0 2026 1
9 0 2032 1
6 0 2034 1
6 0 2036 1
9 0 2038 1
8 0 2039 1
1 0 2039 1
9 0 2042 1
1 0 2048 1
1 0 2049 1
1 0 2052 1
6 0 2053 1
1 0 2059 1
6 0 2060 1
6 0 2066 1
9 0 2066 1
6 0 2069 1
6 0 2069 1
9 0 2070 1
9 0 2071 1
1 0 2071 1
1 0 2078 1
1 0 2078 1
7 0 2078 1
6 0 2080 1
7 0 2080 1
6 0 2080 1
7 0 2081 1
14 0 2091 1
6 0 2091 1
14 0 2092 1
15 0 2094 1
15 0 2095 1
20 0 2095 1
1 0 2102 1
1 0 2103 1
15 0 2113 1
14 0 2115 1
14 0 2116 1
19 0 2116 1
14 0 2119 1
19 0 2119 1
21 0 2121 1
1 0 2122 1
15 0 2122 1
19 0 2123 1
15 0 2123 1
20 0 2131 1
15 0 2131 1
14 0 2134 1
15 0 2138 1
6 0 2138 1
15 0 2140 1
6 0 2141 1
15 0 2144 1
6 0 2145 1
15 0 2146 1
6 0 2146 1
6 0 2147 1
15 0 2147 1
15 0 2148 1
6 0 2148 1
6 0 2149 1
6 0 2150 1
15 0 2150 1
15 0 2151 1
15 0 2151 1
6 0 2151 1
15 0 2153 1
15 0 2154 1
6 0 2154 1
15 0 2155 1
15 0 2156 1
15 0 2157 1
6 0 2158 1
6 0 2160 1
6 0 2163 1
15 0 2167 1
6 0 2168 1
15 0 2172 1
6 0 2172 1
1 0 2174 1
1 0 2174 1
7 0 2174 1
6 0 2174 1
1 0 2175 1
6 0 2176 1
6 0 2180 1
9 0 2181 1
6 0 2184 1
9 0 2186 1
1 0 2204 1
9 0 2206 1
6 0 2213 1
9 0 2214 1
9 0 2216 1
9 0 2219 1
9 0 2220 1
9 0 2228 1
9 0 2229 1
9 0 2234 1
9 0 2238 1
6 0 2243 1
15 0 2243 1
6 0 2251 1
1 0 2271 1
6 0 2271 1
6 0 2281 1
15 0 2289 1
15 0 2290 1
1 0 2304 1
7 0 2315 1
6 0 2324 1
1 0 2327 1
5 0 2331 1
1 0 2332 1
2 0 2332 1
5 0 2333 1
1 0 2337 1
6 0 2342 1
6 0 2353 1
1 0 2369 1
2 0 2370 1
6 0 2382 1
14 0 2386 1
6 0 2389 1
1 0 2393 1
1 0 2395 1
1 0 2395 1
6 0 2395 1
14 0 2396 1
14 0 2396 1
1 0 2405 1
1 0 2405 1
1 0 2406 1
9 0 2420 1
22 0 2420 1
9 0 2423 1
6 0 2429 1
9 0 2429 1
9 0 2436 1
22 0 2437 1
9 0 2439 1
9 0 2441 1
6 0 2447 1
15 0 2449 1
6 0 2449 1
15 0 2450 1
6 0 2450 1
15 0 2451 1
6 0 2451 1
15 0 2453 1
14 0 2453 1
6 0 2453 1
5 0 2459 1
1 0 2460 1
1 0 2461 1
6 0 2472 1
6 0 2472 1
7 0 2473 1
9 0 2475 1
6 0 2479 1
9 0 2484 1
9 0 2487 1
9 0 2489 1
1 0 2496 1
1 0 2500 1
6 0 2502 1
6 0 2502 1
6 0 2507 1
6 0 2510 1
5 0 2512 1
7 0 2512 1
6 0 2542 1
6 0 2542 1
6 0 2546 1
16 0 2548 1
23 0 2548 1
16 0 2549 1
18 0 2575 1
2 0 2575 1
6 0 2580 1
9 0 2589 1
19 0 2591 1
19 0 2592 1
19 0 2593 1
6 0 2595 1
6 0 2596 1
6 0 2596 1
6 0 2597 1
1 0 2597 1
6 0 2603 1
6 0 2607 1
1 0 2618 1
6 0 2618 1
6 0 2623 1
1 0 2625 1
6 0 2627 1
6 0 2634 1
15 0 2635 1
6 0 2635 1
6 0 2646 1
6 0 2648 1
23 0 2650 1
1 0 2654 1
15 0 2655 1
24 0 2656 1
21 0 2656 1
25 0 2676 1
1 0 2681 1
1 0 2682 1
1 0 2686 1
6 0 2688 1
6 0 2692 1
12 0 2693 1
15 0 2694 1
6 0 2694 1
15 0 2695 1
14 0 2695 1
6 0 2696 1
26 0 2706 1
6 0 2707 1
1 0 2711 1
1 0 2712 1
1 0 2716 1
7 0 2719 1
5 0 2769 1
10 0 2771 1
6 0 2773 1
15 0 2773 1
15 0 2774 1
15 0 2775 1
14 0 2776 1
6 0 2777 1
1 0 2778 1
1 0 2779 1
6 0 2780 1
1 0 2780 1
6 0 2781 1
24 0 2783 1
20 0 2783 1
23 0 2783 1
24 0 2784 1
15 0 2784 1
6 0 2784 1
20 0 2785 1
20 0 2785 1
6 0 2785 1
24 0 2787 1
19 0 2787 1
6 0 2789 1
15 0 2789 1
15 0 2790 1
15 0 2791 1
14 0 2791 1
7 0 2797 1
7 0 2798 1
9 0 2802 1
19 0 2808 1
6 0 2808 1
6 0 2809 1
6 0 2811 1
6 0 2811 1
1 0 2815 1
16 0 2816 1
6 0 2832 1
5 0 2838 1
5 0 2839 1
23 0 2839 1
5 0 2840 1
23 0 2841 1
23 0 2842 1
23 0 2843 1
23 0 2844 1
23 0 2845 1
24 0 2846 1
21 0 2846 1
27 0 2846 1
13 0 2849 1
18 0 2850 1
13 0 2854 1
17 0 2856 1
13 0 2859 1
3 0 2860 1
17 0 2863 1
21 0 2867 1
27 0 2868 1
27 0 2868 1
26 0 2870 1
16 0 2870 1
23 0 2872 1
16 0 2874 1
16 0 2875 1
23 0 2877 1
23 0 2883 1
23 0 2884 1
16 0 2886 1
16 0 2889 1
24 0 2892 1
20 0 2892 1
21 0 2892 1
20 0 2893 1
20 0 2894 1
26 0 2896 1
24 0 2897 1
28 0 2898 1
12 0 2900 1
6 0 2901 1
12 0 2903 1
7 0 2906 1
14 0 2936 1
16 0 2938 1
16 0 2939 1
6 0 2939 1
1 0 2941 1
1 0 2942 1
15 0 2943 1
15 0 2944 1
15 0 2944 1
23 0 2948 1
1 0 2951 1
1 0 2951 1
9 0 2954 1
1 0 2955 1
9 0 2955 1
15 0 2957 1
14 0 2958 1
14 0 2959 1
1 0 2959 1
23 0 2962 1
6 0 2962 1
1 0 2964 1
23 0 2970 1
1 0 2973 1
9 0 2976 1
6 0 2977 1
15 0 2978 1
1 0 2979 1
14 0 2979 1
1 0 2979 1
9 0 2982 1
6 0 2982 1
9 0 2996 1
6 0 2996 1
9 0 2997 1
9 0 2998 1
1 0 2999 1
6 0 3001 1
6 0 3002 1
6 0 3003 1
6 0 3005 1
6 0 3005 1
6 0 3007 1
7 0 3007 1
6 0 3008 1
21 0 3018 1
24 0 3019 1
29 0 3021 1
16 0 3022 1
21 0 3022 1
9 0 3030 1
15 0 3031 1
21 0 3031 1
6 0 3031 1
14 0 3032 1
15 0 3032 1
15 0 3033 1
15 0 3033 1
6 0 3033 1
12 0 3036 1
6 0 3037 1
12 0 3038 1
6 0 3045 1
15 0 3046 1
15 0 3046 1
6 0 3046 1
1 0 3047 1
7 0 3047 1
15 0 3049 1
6 0 3050 1
1 0 3060 1
7 0 3075 1
6 0 3077 1
6 0 3105 1
1 0 3120 1
1 0 3120 1
6 0 3128 1
6 0 3130 1
6 0 3133 1
6 0 3133 1
9 0 3138 1
6 0 3140 1
6 0 3145 1
6 0 3163 1
6 0 3165 1
6 0 3166 1
6 0 3168 1
6 0 3174 1
5 0 3175 1
6 0 3177 1
17 0 3183 1
1 0 3187 1
6 0 3187 1
6 0 3189 1
6 0 3193 1
6 0 3195 1
6 0 3206 1
6 0 3210 1
1 0 3214 1
1 0 3215 1
6 0 3215 1
1 0 3217 1
6 0 3220 1
6 0 3221 1
6 0 3223 1
6 0 3224 1
6 0 3234 1
6 0 3240 1
6 0 3243 1
6 0 3244 1
6 0 3247 1
6 0 3247 1
6 0 3254 1
6 0 3255 1
6 0 3256 1
15 0 3257 1
6 0 3258 1
25 0 3261 1
6 0 3269 1
6 0 3269 1
6 0 3271 1
6 0 3272 1
6 0 3272 1
6 0 3273 1
1 0 3275 1
1 0 3276 1
1 0 3279 1
5 0 3280 1
1 0 3283 1
1 0 3284 1
5 0 3285 1
5 0 3286 1
6 0 3288 1
6 0 3291 1
5 0 3294 1
3 0 3295 1
6 0 3303 1
6 0 3305 1
6 0 3306 1
6 0 3321 1
1 0 3329 1
1 0 3330 1
16 0 3330 1
1 0 3335 1
1 0 3336 1
1 0 3338 1
6 0 3340 1
15 0 3343 1
6 0 3344 1
9 0 3345 1
1 0 3348 1
9 0 3349 1
9 0 3350 1
6 0 3351 1
6 0 3351 1
1 0 3352 1
1 0 3354 1
14 0 3356 1
6 0 3357 1
6 0 3358 1
15 0 3358 1
6 0 3363 1
22 0 3365 1
22 0 3369 1
1 0 3385 1
8 0 3391 1
6 0 3398 1
1 0 3398 1
6 0 3400 1
6 0 3400 1
6 0 3400 1
17 0 3400 1
6 0 3403 1
6 0 3405 1
6 0 3408 1
6 0 3408 1
6 0 3410 1
6 0 3411 1
6 0 3412 1
17 0 3414 1
1 0 3415 1
17 0 3416 1
6 0 3419 1
1 0 3420 1
6 0 3421 1
6 0 3423 1
6 0 3424 1
6 0 3429 1
6 0 3431 1
1 0 3431 1
6 0 3443 1
6 0 3444 1
6 0 3445 1
17 0 3449 1
6 0 3454 1
15 0 3454 1
14 0 3455 1
15 0 3456 1
7 0 3460 1
1 0 3460 1
7 0 3465 1
6 0 3465 1
1 0 3470 1
6 0 3479 1
6 0 3481 1
6 0 3487 1
1 0 3493 1
6 0 3499 1
1 0 3504 1
1 0 3505 1
7 0 3505 1
7 0 3506 1
7 0 3507 1
7 0 3512 1
7 0 3516 1
15 0 3523 1
6 0 3523 1
6 0 3526 1
6 0 3527 1
1 0 3531 1
15 0 3534 1
6 0 3534 1
6 0 3538 1
6 0 3540 1
6 0 3541 1
6 0 3541 1
6 0 3542 1
15 0 3542 1
15 0 3543 1
6 0 3546 1
6 0 3547 1
7 0 3547 1
6 0 3548 1
6 0 3552 1
1 0 3559 1
6 0 3560 1
1 0 3564 1
1 0 3565 1
6 0 3569 1
6 0 3573 1
6 0 3575 1
6 0 3576 1
6 0 3577 1
6 0 3584 1
1 0 3584 1
7 0 3588 1
23 0 3590 1
6 0 3594 1
5 0 3597 1
15 0 3598 1
23 0 3607 1
23 0 3609 1
22 0 3615 1
6 0 3616 1
6 0 3618 1
6 0 3622 1
6 0 3624 1
1 0 3632 1
9 0 3637 1
6 0 3640 1
6 0 3640 1
1 0 3640 1
1 0 3646 1
7 0 3656 1
9 0 3664 1
7 0 3675 1
17 0 3735 1
6 0 3735 1
15 0 3735 1
15 0 3737 1
23 0 3738 1
23 0 3738 1
6 0 3739 1
15 0 3747 1
22 0 3748 1
15 0 3763 1
14 0 3764 1
6 0 3764 1
6 0 3764 1
6 0 3777 1
25 0 3782 1
6 0 3794 1
6 0 3797 1
6 0 3799 1
15 0 3818 1
21 0 3818 1
21 0 3820 1
6 0 3823 1
6 0 3827 1
6 0 3827 1
15 0 3827 1
1 0 3830 1
16 0 3839 1
6 0 3841 1
6 0 3843 1
6 0 3843 1
1 0 3843 1
6 0 3851 1
26 0 3852 1
6 0 3855 1
1 0 3856 1
14 0 3858 1
12 0 3859 1
15 0 3862 1
16 0 3863 1
6 0 3879 1
6 0 3887 1
1 0 3894 1
16 0 3895 1
13 0 3900 1
5 0 3901 1
25 0 3905 1
25 0 3909 1
25 0 3910 1
25 0 3920 1
25 0 3922 1
25 0 3940 1
6 0 3949 1
1 0 3951 1
1 0 3951 1
1 0 3953 1
1 0 3954 1
1 0 3957 1
13 0 3958 1
1 0 3961 1
1 0 3961 1
1 0 3971 1
6 0 3974 1
1 0 3976 1
9 0 3978 1
1 0 3978 1
1 0 3983 1
9 0 3985 1
1 0 3986 1
1 0 3987 1
9 0 3987 1
9 0 3988 1
9 0 3989 1
9 0 3990 1
7 0 3994 1
9 0 3995 1
9 0 3997 1
9 0 3997 1
9 0 3998 1
9 0 4000 1
23 0 4006 1
23 0 4007 1
23 0 4008 1
25 0 4009 1
7 0 4010 1
5 0 4024 1
5 0 4025 1
3 0 4025 1
25 0 4028 1
5 0 4030 1
25 0 4032 1
5 0 4035 1
5 0 4052 1
5 0 4054 1
5 0 4056 1
7 0 4059 1
6 0 4068 1
18 0 4068 1
16 0 4077 1
6 0 4083 1
21 0 4084 1
6 0 4085 1
6 0 4091 1
7 0 4104 1
7 0 4105 1
22 0 4107 1
15 0 4119 1
15 0 4120 1
15 0 4122 1
15 0 4122 1
23 0 4124 1
23 0 4125 1
23 0 4126 1
23 0 4126 1
25 0 4129 1
11 0 4131 1
11 0 4132 1
15 0 4132 1
6 0 4132 1
11 0 4133 1
15 0 4136 1
15 0 4138 1
5 0 4144 1
1 0 4150 1
6 0 4159 1
12 0 4159 1
9 0 4160 1
15 0 4161 1
6 0 4164 1
14 0 4164 1
1 0 4169 1
7 0 4170 1
1 0 4172 1
15 0 4181 1
5 0 4182 1
5 0 4184 1
8 0 4185 1
5 0 4186 1
5 0 4187 1
1 0 4191 1
1 0 4194 1
1 0 4214 1
7 0 4274 1
6 0 4275 1
6 0 4276 1
6 0 4313 1
1 0 4315 1
1 0 4324 1
1 0 4324 1
1 0 4325 1
9 0 4328 1
15 0 4329 1
23 0 4329 1
23 0 4330 1
15 0 4330 1
23 0 4331 1
1 0 4335 1
1 0 4343 1
22 0 4356 1
1 0 4356 1
1 0 4363 1
1 0 4367 1
6 0 4371 1
1 0 4375 1
6 0 4382 1
15 0 4406 1
15 0 4416 1
15 0 4417 1
15 0 4422 1
14 0 4423 1
9 0 4424 1
30 0 4440 1
17 0 4455 1
6 0 4493 1
15 0 4493 1
15 0 4494 1
15 0 4496 1
6 0 4497 1
6 0 4502 1
6 0 4503 1
15 0 4504 1
6 0 4507 1
6 0 4509 1
6 0 4509 1
6 0 4509 1
6 0 4510 1
6 0 4511 1
6 0 4512 1
15 0 4513 1
15 0 4514 1
6 0 4514 1
15 0 4515 1
15 0 4515 1
1 0 4517 1
6 0 4517 1
6 0 4517 1
15 0 4519 1
6 0 4525 1
5 0 4544 1
10 0 4548 1
1 0 4553 1
6 0 4561 1
6 0 4567 1
1 0 4574 1
14 0 4575 1
15 0 4575 1
6 0 4577 1
6 0 4577 1
6 0 4578 1
6 0 4583 1
6 0 4584 1
6 0 4585 1
15 0 4585 1
6 0 4595 1
1 0 4614 1
6 0 4622 1
6 0 4623 1
6 0 4625 1
12 0 4627 1
7 0 4635 1
7 0 4636 1
15 0 4642 1
1 0 4648 1
15 0 4652 1
14 0 4652 1
15 0 4657 1
15 0 4657 1
15 0 4659 1
15 0 4659 1
15 0 4661 1
16 0 4663 1
17 0 4665 1
23 0 4673 1
23 0 4674 1
23 0 4678 1
23 0 4678 1
23 0 4680 1
23 0 4680 1
23 0 4682 1
3 0 4684 1
3 0 4688 1
10 0 4688 1
3 0 4692 1
5 0 4694 1
10 0 4695 1
7 0 4695 1
5 0 4698 1
7 0 4700 1
15 0 4707 1
1 0 4713 1
1 0 4714 1
6 0 4717 1
6 0 4720 1
1 0 4720 1
1 0 4721 1
2 0 4734 1
6 0 4737 1
6 0 4742 1
2 0 4743 1
15 0 4743 1
20 0 4755 1
15 0 4755 1
6 0 4756 1
21 0 4756 1
19 0 4757 1
24 0 4757 1
20 0 4758 1
15 0 4759 1
14 0 4759 1
23 0 4760 1
6 0 4778 1
14 0 4778 1
16 0 4779 1
21 0 4780 1
15 0 4780 1
15 0 4783 1
16 0 4783 1
20 0 4784 1
8 0 4793 1
22 0 4803 1
1 0 4825 1
15 0 4828 1
1 0 4831 1
5 0 4838 1
7 0 4840 1
8 0 4851 1
8 0 4852 1
7 0 4890 1
7 0 4892 1
5 0 4917 1
5 0 4917 1
5 0 4919 1
3 0 4922 1
5 0 4922 1
11 0 4925 1
5 0 4926 1
5 0 4927 1
5 0 4931 1
8 0 4935 1
1 0 4977 1
6 0 4986 1
6 0 4987 1
6 0 4988 1
6 0 4989 1
6 0 4989 1
6 0 4989 1
6 0 4992 1
6 0 4994 1
6 0 4996 1
14 0 4999 1
14 0 4999 1
6 0 5001 1
6 0 5002 1
6 0 5030 1
6 0 5030 1
6 0 5030 1
6 0 5031 1
15 0 5045 1
16 0 5046 1
9 0 5046 1
16 0 5047 1
15 0 5049 1
9 0 5050 1
16 0 5055 1
16 0 5056 1
31 0 5056 1
16 0 5057 1
7 0 5076 1
7 0 5078 1
12 0 5082 1
11 0 5086 1
11 0 5090 1
1 0 5103 1
7 0 5103 1
26 0 5107 1
26 0 5107 1
16 0 5107 1
26 0 5111 1
26 0 5111 1
15 0 5111 1
6 0 5111 1
16 0 5111 1
16 0 5112 1
21 0 5113 1
26 0 5114 1
26 0 5115 1
15 0 5116 1
6 0 5116 1
15 0 5117 1
23 0 5117 1
5 0 5118 1
26 0 5119 1
26 0 5122 1
6 0 5132 1
7 0 5141 1
7 0 5142 1
1 0 5142 1
1 0 5147 1
1 0 5161 1
1 0 5167 1
15 0 5167 1
11 0 5180 1
10 0 5181 1
23 0 5182 1
1 0 5192 1
7 0 5192 1
7 0 5193 1
1 0 5194 1
7 0 5194 1
23 0 5202 1
23 0 5207 1
6 0 5211 1
20 0 5211 1
15 0 5211 1
6 0 5212 1
20 0 5213 1
20 0 5214 1
1 0 5218 1
1 0 5223 1
1 0 5228 1
1 0 5247 1
22 0 5257 1
22 0 5259 1
22 0 5262 1
1 0 5285 1
1 0 5288 1
1 0 5295 1
1 0 5299 1
7 0 5302 1
7 0 5303 1
7 0 5308 1
15 0 5311 1
20 0 5316 1
16 0 5318 1
15 0 5319 1
20 0 5319 1
29 0 5324 1
21 0 5324 1
20 0 5325 1
24 0 5326 1
21 0 5327 1
23 0 5328 1
21 0 5329 1
6 0 5330 1
21 0 5334 1
21 0 5334 1
5 0 5337 1
23 0 5338 1
25 0 5340 1
5 0 5340 1
23 0 5340 1
5 0 5342 1
25 0 5342 1
23 0 5343 1
23 0 5347 1
9 0 5349 1
1 0 5374 1
20 0 5384 1
20 0 5385 1
20 0 5387 1
27 0 5428 1
29 0 5430 1
6 0 5449 1
5 0 5450 1
16 0 5450 1
23 0 5450 1
20 0 5451 1
16 0 5452 1
16 0 5452 1
20 0 5452 1
6 0 5454 1
6 0 5455 1
6 0 5455 1
6 0 5455 1
5 0 5459 1
25 0 5469 1
23 0 5483 1
23 0 5484 1
5 0 5484 1
23 0 5489 1
23 0 5491 1
23 0 5502 1
7 0 5511 1
21 0 5579 1
27 0 5581 1
21 0 5581 1
23 0 5584 1
21 0 5587 1
21 0 5589 1
21 0 5591 1
6 0 5597 1
6 0 5598 1
6 0 5599 1
15 0 5600 1
6 0 5605 1
15 0 5606 1
15 0 5606 1
6 0 5606 1
14 0 5607 1
6 0 5607 1
6 0 5609 1
15 0 5609 1
15 0 5609 1
14 0 5609 1
14 0 5609 1
21 0 5613 1
27 0 5613 1
21 0 5615 1
27 0 5616 1
6 0 5620 1
6 0 5620 1
6 0 5621 1
6 0 5621 1
15 0 5622 1
14 0 5622 1
14 0 5623 1
6 0 5623 1
6 0 5624 1
6 0 5624 1
6 0 5627 1
6 0 5628 1
6 0 5630 1
6 0 5630 1
6 0 5631 1
1 0 5634 1
1 0 5636 1
1 0 5636 1
1 0 5637 1
1 0 5642 1
1 0 5646 1
1 0 5648 1
1 0 5649 1
21 0 5652 1
6 0 5658 1
6 0 5659 1
6 0 5660 1
6 0 5665 1
15 0 5665 1
6 0 5668 1
6 0 5669 1
15 0 5669 1
6 0 5669 1
15 0 5670 1
6 0 5671 1
6 0 5673 1
6 0 5674 1
15 0 5674 1
15 0 5674 1
9 0 5675 1
9 0 5676 1
6 0 5688 1
15 0 5689 1
15 0 5690 1
15 0 5691 1
6 0 5692 1
6 0 5696 1
7 0 5698 1
5 0 5703 1
2 0 5706 1
5 0 5707 1
2 0 5710 1
15 0 5715 1
6 0 5717 1
15 0 5717 1
6 0 5718 1
6 0 5719 1
15 0 5720 1
15 0 5721 1
15 0 5721 1
15 0 5722 1
6 0 5722 1
6 0 5724 1
15 0 5728 1
6 0 5728 1
6 0 5728 1
6 0 5734 1
15 0 5734 1
18 0 5743 1
18 0 5743 1
6 0 5745 1
6 0 5745 1
15 0 5745 1
10 0 5750 1
6 0 5750 1
6 0 5751 1
13 0 5758 1
6 0 5758 1
7 0 5759 1
6 0 5761 1
6 0 5761 1
7 0 5762 1
6 0 5763 1
15 0 5763 1
15 0 5764 1
15 0 5765 1
15 0 5765 1
15 0 5766 1
6 0 5767 1
6 0 5768 1
25 0 5775 1
5 0 5787 1
5 0 5787 1
6 0 5788 1
5 0 5788 1
5 0 5788 1
9 0 5791 1
9 0 5796 1
23 0 5801 1
23 0 5806 1
8 0 5853 1
8 0 5854 1
29 0 5854 1
8 0 5855 1
6 0 5859 1
15 0 5860 1
6 0 5861 1
14 0 5861 1
1 0 5876 1
7 0 5886 1
1 0 5890 1
1 0 5901 1
1 0 5902 1
22 0 5905 1
1 0 5921 1
7 0 5925 1
22 0 5928 1
1 0 5933 1
1 0 5933 1
7 0 5933 1
9 0 5964 1
6 0 5979 1
15 0 5980 1
5 0 5984 1
23 0 5985 1
15 0 5986 1
20 0 5987 1
6 0 5989 1
7 0 5989 1
6 0 5990 1
6 0 5991 1
5 0 5991 1
3 0 5992 1
6 0 5992 1
6 0 5995 1
7 0 5995 1
3 0 6010 1
18 0 6041 1
3 0 6045 1
6 0 6061 1
16 0 6063 1
24 0 6064 1
24 0 6065 1
6 0 6067 1
15 0 6068 1
15 0 6070 1
6 0 6070 1
1 0 6073 1
1 0 6073 1
7 0 6073 1
1 0 6074 1
7 0 6074 1
1 0 6089 1
1 0 6091 1
7 0 6101 1
7 0 6105 1
7 0 6107 1
13 0 6109 1
6 0 6111 1
15 0 6117 1
3 0 6118 1
32 0 6123 1
1 0 6129 1
1 0 6129 1
1 0 6130 1
1 0 6136 1
1 0 6137 1
1 0 6141 1
9 0 6143 1
1 0 6152 1
1 0 6153 1
1 0 6155 1
1 0 6158 1
1 0 6174 1
8 0 6185 1
2 0 6191 1
7 0 6191 1
6 0 6208 1
17 0 6208 1
6 0 6209 1
6 0 6212 1
1 0 6218 1
17 0 6219 1
6 0 6223 1
15 0 6224 1
1 0 6224 1
6 0 6229 1
6 0 6229 1
6 0 6230 1
6 0 6231 1
1 0 6260 1
1 0 6263 1
1 0 6264 1
1 0 6271 1
6 0 6278 1
6 0 6279 1
1 0 6281 1
15 0 6291 1
20 0 6305 1
15 0 6308 1
20 0 6310 1
16 0 6323 1
20 0 6323 1
6 0 6328 1
6 0 6337 1
22 0 6339 1
29 0 6342 1
6 0 6345 1
6 0 6349 1
1 0 6349 1
6 0 6355 1
6 0 6356 1
22 0 6356 1
11 0 6367 1
10 0 6390 1
10 0 6391 1
10 0 6391 1
5 0 6391 1
5 0 6391 1
10 0 6397 1
15 0 6402 1
2 0 6403 1
15 0 6410 1
15 0 6411 1
13 0 6412 1
15 0 6413 1
15 0 6414 1
5 0 6414 1
4 0 6416 1
3 0 6417 1
5 0 6419 1
23 0 6419 1
1 0 6421 1
14 0 6424 1
4 0 6461 1
2 0 6511 1
2 0 6512 1
2 0 6512 1
2 0 6519 1
1 0 6547 1
2 0 6553 1
2 0 6557 1
5 0 6568 1
7 0 6575 1
5 0 6604 1
7 0 6641 1
1 0 6645 1
7 0 6645 1
1 0 6646 1
7 0 6646 1
1 0 6672 1
1 0 6673 1
1 0 6674 1
1 0 6674 1
3 0 6721 1
17 0 6727 1
17 0 6729 1
17 0 6730 1
1 0 6739 1
3 0 6766 1
3 0 6768 1
3 0 6776 1
1 0 6789 1
1 0 6791 1
1 0 6798 1
30 0 6821 1
30 0 6827 1
25 0 6827 1
30 0 6829 1
25 0 6835 1
10 0 6886 1
3 0 6997 1
3 0 7000 1
3 0 7014 1
3 0 7014 1
17 0 7021 1
2 0 7038 1
3 0 7038 1
5 0 7038 1
3 0 7039 1
3 0 7040 1
3 0 7041 1
5 0 7043 1
5 0 7046 1
5 0 7047 1
3 0 7054 1
6 0 7054 1
6 0 7054 1
6 0 7058 1
6 0 7077 1
6 0 7088 1
2 0 7101 1
5 0 7101 1
3 0 7101 1
3 0 7102 1
3 0 7103 1
3 0 7104 1
9 0 7115 1
9 0 7117 1
5 0 7137 1
5 0 7140 1
3 0 7144 1
5 0 7151 1
3 0 7157 1
3 0 7158 1
6 0 7178 1
4 0 7192 1
4 0 7193 1
3 0 7204 1
2 0 7210 1
3 0 7210 1
5 0 7210 1
3 0 7211 1
3 0 7212 1
3 0 7213 1
5 0 7215 1
5 0 7218 1
1 0 7234 1
5 0 7241 1
3 0 7243 1
2 0 7252 1
2 0 7261 1
5 0 7261 1
3 0 7261 1
3 0 7262 1
3 0 7263 1
3 0 7264 1
6 0 7269 1
6 0 7272 1
6 0 7286 1
6 0 7288 1
5 0 7320 1
2 0 7340 1
24 0 7355 1
15 0 7355 1
20 0 7358 1
20 0 7358 1
20 0 7369 1
21 0 7375 1
8 0 7384 1
32 0 7388 1
15 0 7390 1
24 0 7394 1
24 0 7394 1
33 0 7396 1
24 0 7396 1
24 0 7401 1
15 0 7401 1
20 0 7404 1
20 0 7404 1
20 0 7407 1
20 0 7412 1
20 0 7413 1
20 0 7417 1
6 0 7422 1
14 0 7423 1
15 0 7423 1
20 0 7428 1
20 0 7429 1
20 0 7433 1
20 0 7433 1
15 0 7435 1
20 0 7436 1
21 0 7438 1
24 0 7439 1
1 0 7445 1
1 0 7445 1
20 0 7463 1
20 0 7464 1
9 0 7467 1
9 0 7472 1
24 0 7481 1
15 0 7481 1
21 0 7481 1
20 0 7484 1
20 0 7484 1
21 0 7485 1
20 0 7501 1
20 0 7502 1
20 0 7502 1
15 0 7505 1
15 0 7513 1
19 0 7526 1
21 0 7528 1
19 0 7529 1
6 0 7532 1
19 0 7534 1
15 0 7539 1
15 0 7547 1
20 0 7547 1
20 0 7548 1
20 0 7552 1
6 0 7553 1
1 0 7555 1
20 0 7560 1
24 0 7567 1
15 0 7567 1
21 0 7567 1
20 0 7567 1
24 0 7568 1
20 0 7570 1
20 0 7570 1
21 0 7571 1
20 0 7572 1
21 0 7573 1
21 0 7573 1
15 0 7580 1
15 0 7581 1
15 0 7582 1
15 0 7583 1
21 0 7583 1
21 0 7584 1
15 0 7592 1
15 0 7592 1
15 0 7594 1
15 0 7595 1
15 0 7634 1
15 0 7637 1
15 0 7648 1
24 0 7648 1
21 0 7648 1
24 0 7649 1
20 0 7651 1
20 0 7651 1
20 0 7670 1
20 0 7670 1
20 0 7671 1
15 0 7674 1
21 0 7703 1
29 0 7704 1
21 0 7704 1
15 0 7706 1
15 0 7709 1
15 0 7709 1
15 0 7710 1
15 0 7712 1
10 0 7728 1
17 0 7729 1
15 0 7729 1
6 0 7731 1
4 0 7755 1
2 0 7757 1
15 0 7766 1
15 0 7766 1
15 0 7767 1
15 0 7769 1
17 0 7813 1
15 0 7824 1
7 0 7827 1
15 0 7834 1
15 0 7834 1
15 0 7835 1
15 0 7837 1
6 0 7851 1
3 0 7873 1
6 0 7888 1
1 0 7888 1
14 0 7888 1
15 0 7891 1
15 0 7891 1
15 0 7892 1
15 0 7894 1
1 0 7902 1
15 0 7905 1
6 0 7907 1
1 0 7909 1
15 0 7911 1
1 0 7921 1
6 0 7931 1
5 0 7932 1
6 0 7934 1
6 0 7935 1
15 0 7936 1
15 0 7936 1
15 0 7937 1
15 0 7939 1
6 0 7962 1
7 0 7964 1
7 0 7984 1
24 0 7996 1
20 0 7997 1
20 0 7998 1
20 0 7999 1
20 0 8000 1
9 0 8005 1
20 0 8008 1
20 0 8019 1
8 0 8070 1
8 0 8074 1
6 0 8077 1
24 0 8082 1
15 0 8082 1
20 0 8082 1
22 0 8082 1
20 0 8083 1
20 0 8084 1
20 0 8085 1
20 0 8086 1
20 0 8097 1
22 0 8128 1
21 0 8143 1
15 0 8149 1
23 0 8149 1
24 0 8151 1
24 0 8153 1
24 0 8153 1
24 0 8154 1
15 0 8156 1
23 0 8158 1
21 0 8158 1
8 0 8167 1
2 0 8168 1
2 0 8168 1
2 0 8177 1
22 0 8203 1
22 0 8207 1
22 0 8210 1
1 0 8210 1
2 0 8240 1
2 0 8249 1
2 0 8255 1
2 0 8260 1
2 0 8271 1
2 0 8272 1
5 0 8273 1
6 0 8277 1
6 0 8277 1
2 0 8295 1
2 0 8306 1
2 0 8307 1
2 0 8311 1
1 0 8338 1
6 0 8370 1
11 0 8370 1
2 0 8380 1
2 0 8394 1
6 0 8402 1
7 0 8426 1
6 0 8429 1
6 0 8430 1
15 0 8439 1
15 0 8439 1
15 0 8439 1
6 0 8440 1
15 0 8441 1
1 0 8476 1
15 0 8482 1
6 0 8496 1
6 0 8498 1
15 0 8500 1
6 0 8500 1
15 0 8506 1
6 0 8506 1
15 0 8515 1
15 0 8515 1
6 0 8516 1
15 0 8517 1
6 0 8533 1
15 0 8542 1
6 0 8549 1
15 0 8553 1
1 0 8563 1
7 0 8587 1
1 0 8597 1
15 0 8600 1
15 0 8600 1
15 0 8601 1
15 0 8602 1
15 0 8616 1
15 0 8623 1
6 0 8632 1
1 0 8634 1
6 0 8639 1
6 0 8641 1
15 0 8643 1
15 0 8643 1
6 0 8650 1
6 0 8654 1
5 0 8659 1
15 0 8660 1
6 0 8664 1
15 0 8669 1
15 0 8669 1
15 0 8669 1
15 0 8671 1
15 0 8682 1
3 0 8736 1
6 0 8756 1
15 0 8756 1
6 0 8756 1
6 0 8756 1
15 0 8804 1
1 0 8807 1
1 0 8824 1
32 0 8907 1
1 0 8911 1
1 0 8914 1
1 0 8914 1
5 0 8948 1
5 0 8967 1
5 0 8967 1
5 0 8969 1
1 0 8994 1
1 0 8999 1
1 0 9005 1
1 0 9023 1
7 0 9059 1
1 0 9059 1
1 0 9060 1
7 0 9060 1
1 0 9067 1
1 0 9080 1
1 0 9084 1
1 0 9085 1
1 0 9085 1
1 0 9088 1
1 0 9101 1
1 0 9107 1
1 0 9117 1
1 0 9117 1
1 0 9123 1
1 0 9131 1
1 0 9135 1
1 0 9137 1
1 0 9144 1
9 0 9148 1
9 0 9152 1
1 0 9157 1
8 0 9163 1
15 0 9164 1
15 0 9165 1
1 0 9179 1
8 0 9196 1
1 0 9207 1
1 0 9213 1
3 0 9214 1
14 0 9224 1
6 0 9229 1
6 0 9229 1
1 0 9238 1
6 0 9244 1
6 0 9246 1
6 0 9246 1
1 0 9249 1
15 0 9257 1
6 0 9264 1
10 0 9266 1
10 0 9266 1
6 0 9269 1
1 0 9269 1
6 0 9271 1
1 0 9271 1
1 0 9275 1
1 0 9275 1
6 0 9282 1
6 0 9289 1
1 0 9327 1
6 0 9339 1
6 0 9339 1
2 0 9340 1
2 0 9343 1
1 0 9367 1
1 0 9369 1
1 0 9372 1
1 0 9376 1
6 0 9402 1
15 0 9404 1
2 0 9410 1
5 0 9414 1
5 0 9414 1
5 0 9414 1
5 0 9419 1
3 0 9426 1
5 0 9426 1
5 0 9429 1
5 0 9429 1
6 0 9431 1
6 0 9432 1
6 0 9432 1
2 0 9433 1
2 0 9436 1
6 0 9441 1
2 0 9441 1
9 0 9443 1
2 0 9448 1
2 0 9450 1
15 0 9451 1
2 0 9458 1
2 0 9459 1
2 0 9464 1
2 0 9464 1
6 0 9472 1
6 0 9474 1
6 0 9475 1
6 0 9480 1
18 0 9486 1
6 0 9488 1
1 0 9491 1
1 0 9494 1
1 0 9495 1
1 0 9496 1
1 0 9502 1
6 0 9502 1
1 0 9503 1
6 0 9504 1
6 0 9509 1
1 0 9509 1
10 0 9511 1
1 0 9514 1
1 0 9515 1
1 0 9516 1
6 0 9519 1
6 0 9521 1
6 0 9524 1
6 0 9525 1
6 0 9525 1
6 0 9527 1
6 0 9528 1
6 0 9533 1
1 0 9534 1
1 0 9535 1
6 0 9536 1
6 0 9537 1
6 0 9540 1
6 0 9541 1
6 0 9542 1
6 0 9543 1
6 0 9544 1
1 0 9544 1
1 0 9545 1
1 0 9547 1
1 0 9549 1
6 0 9551 1
6 0 9552 1
1 0 9553 1
1 0 9554 1
6 0 9557 1
1 0 9557 1
1 0 9562 1
1 0 9564 1
1 0 9564 1
21 0 9567 1
6 0 9567 1
29 0 9567 1
24 0 9567 1
6 0 9568 1
24 0 9568 1
21 0 9569 1
29 0 9569 1
20 0 9570 1
21 0 9571 1
29 0 9573 1
5 0 9573 1
21 0 9574 1
3 0 9574 1
29 0 9575 1
3 0 9576 1
24 0 9577 1
21 0 9578 1
6 0 9578 1
5 0 9579 1
3 0 9580 1
1 0 9583 1
6 0 9583 1
15 0 9586 1
6 0 9586 1
6 0 9586 1
15 0 9587 1
6 0 9589 1
6 0 9589 1
18 0 9590 1
18 0 9590 1
18 0 9591 1
7 0 9591 1
6 0 9592 1
6 0 9595 1
6 0 9595 1
6 0 9596 1
1 0 9597 1
17 0 9597 1
6 0 9598 1
6 0 9599 1
14 0 9602 1
6 0 9602 1
15 0 9602 1
15 0 9603 1
6 0 9604 1
15 0 9606 1
15 0 9606 1
1 0 9606 1
15 0 9607 1
6 0 9610 1
6 0 9611 1
6 0 9613 1
6 0 9613 1
17 0 9617 1
1 0 9619 1
6 0 9619 1
6 0 9621 1
16 0 9622 1
1 0 9623 1
1 0 9623 1
1 0 9624 1
6 0 9625 1
6 0 9625 1
15 0 9626 1
6 0 9626 1
6 0 9627 1
15 0 9627 1
15 0 9628 1
1 0 9628 1
6 0 9630 1
10 0 9634 1
10 0 9635 1
10 0 9637 1
7 0 9645 1
7 0 9646 1
7 0 9647 1
7 0 9648 1
6 0 9650 1
7 0 9651 1
6 0 9654 1
6 0 9659 1
6 0 9660 1
7 0 9665 1
7 0 9666 1
18 0 9667 1
6 0 9671 1
6 0 9671 1
1 0 9671 1
6 0 9671 1
1 0 9673 1
1 0 9674 1
1 0 9674 1
6 0 9676 1
6 0 9677 1
6 0 9677 1
6 0 9678 1
1 0 9679 1
13 0 9680 1
6 0 9683 1
6 0 9684 1
6 0 9684 1
15 0 9684 1
17 0 9685 1
1 0 9686 1
1 0 9687 1
1 0 9688 1
1 0 9689 1
17 0 9689 1
6 0 9691 1
6 0 9691 1
6 0 9692 1
14 0 9693 1
6 0 9693 1
6 0 9694 1
15 0 9694 1
6 0 9695 1
6 0 9695 1
17 0 9697 1
6 0 9700 1
1 0 9701 1
1 0 9702 1
1 0 9702 1
13 0 9703 1
6 0 9703 1
15 0 9703 1
1 0 9706 1
1 0 9707 1
6 0 9708 1
6 0 9708 1
6 0 9708 1
15 0 9709 1
14 0 9709 1
15 0 9710 1
15 0 9710 1
6 0 9711 1
14 0 9712 1
6 0 9712 1
3 0 9716 1
7 0 9717 1
3 0 9717 1
3 0 9718 1
18 0 9726 1
18 0 9726 1
17 0 9729 1
6 0 9729 1
1 0 9729 1
6 0 9730 1
15 0 9730 1
15 0 9731 1
6 0 9731 1
6 0 9732 1
15 0 9732 1
6 0 9733 1
6 0 9733 1
17 0 9734 1
17 0 9734 1
17 0 9735 1
1 0 9736 1
1 0 9738 1
6 0 9738 1
1 0 9739 1
14 0 9740 1
14 0 9740 1
14 0 9740 1
6 0 9740 1
14 0 9741 1
6 0 9742 1
15 0 9742 1
15 0 9744 1
6 0 9744 1
6 0 9745 1
6 0 9746 1
6 0 9747 1
6 0 9747 1
6 0 9749 1
6 0 9750 1
15 0 9750 1
15 0 9751 1
7 0 9752 1
6 0 9759 1
6 0 9764 1
6 0 9764 1
6 0 9767 1
18 0 9769 1
7 0 9773 1
6 0 9773 1
1 0 9773 1
7 0 9777 1
7 0 9779 1
7 0 9782 1
7 0 9783 1
7 0 9783 1
7 0 9784 1
7 0 9789 1
7 0 9789 1
7 0 9790 1
6 0 9791 1
3 0 9795 1
7 0 9796 1
6 0 9798 1
20 0 9800 1
6 0 9800 1
15 0 9800 1
1 0 9800 1
11 0 9805 1
20 0 9806 1
6 0 9807 1
11 0 9808 1
10 0 9808 1
24 0 9808 1
19 0 9809 1
21 0 9809 1
23 0 9812 1
29 0 9813 1
29 0 9814 1
20 0 9814 1
23 0 9815 1
23 0 9818 1
2 0 9820 1
2 0 9821 1
2 0 9825 1
5 0 9825 1
6 0 9826 1
17 0 9827 1
1 0 9829 1
6 0 9835 1
7 0 9836 1
17 0 9837 1
6 0 9839 1
15 0 9839 1
6 0 9840 1
6 0 9841 1
3 0 9843 1
17 0 9844 1
15 0 9845 1
6 0 9846 1
6 0 9847 1
6 0 9848 1
17 0 9854 1
17 0 9855 1
6 0 9855 1
17 0 9858 1
7 0 9880 1
7 0 9880 1
18 0 9880 1
18 0 9881 1
7 0 9881 1
7 0 9882 1
12 0 9882 1
13 0 9884 1
3 0 9885 1
3 0 9893 1
12 0 9894 1
7 0 9897 1
7 0 9898 1
7 0 9898 1
2 0 9899 1
18 0 9900 1
2 0 9901 1
2 0 9903 1
5 0 9904 1
7 0 9904 1
18 0 9905 1
6 0 9908 1
3 0 9914 1
6 0 9915 1
1 0 9915 1
7 0 9915 1
1 0 9916 1
7 0 9917 1
7 0 9918 1
12 0 9918 1
12 0 9919 1
7 0 9920 1
29 0 9929 1
26 0 9929 1
26 0 9929 1
24 0 9929 1
29 0 9930 1
24 0 9931 1
21 0 9932 1
7 0 9932 1
26 0 9934 1
21 0 9934 1
21 0 9934 1
26 0 9936 1
29 0 9936 1
29 0 9937 1
20 0 9937 1
29 0 9938 1
16 0 9941 1
12 0 9942 1
6 0 9945 1
1 0 9945 1
7 0 9948 1
6 0 9951 1
3 0 9953 1
3 0 9954 1
15 0 9955 1
3 0 9955 1
12 0 9963 1
12 0 9964 1
16 0 9964 1
1 0 9966 1
13 0 9969 1
15 0 9973 1
6 0 9973 1
6 0 9974 1
6 0 9975 1
7 0 9979 1
7 0 9980 1
29 0 9988 1
24 0 9988 1
21 0 9988 1
24 0 9989 1
29 0 9991 1
29 0 9992 1
29 0 9996 1
21 0 9997 1
24 0 9997 1
21 0 9998 1
5 0 9999 1
12 0 10000 1
16 0 10000 1
23 0 10000 1
24 0 10000 1
29 0 10010 1
21 0 10010 1
24 0 10010 1
29 0 10011 1
21 0 10011 1
22 0 10014 1
22 0 10014 1
22 0 10015 1
1 0 10018 1
22 0 10019 1
1 0 10020 1
22 0 10022 1
1 0 10024 1
22 0 10026 1
15 0 10026 1
6 0 10032 1
7 0 10033 1
6 0 10033 1
6 0 10035 1
6 0 10037 1
7 0 10038 1
7 0 10042 1
6 0 10045 1
6 0 10046 1
1 0 10049 1
6 0 10049 1
1 0 10060 1
6 0 10061 1
1 0 10061 1
7 0 10070 1
7 0 10074 1
7 0 10074 1
1 0 10074 1
6 0 10076 1
6 0 10077 1
7 0 10077 1
1 0 10082 1
1 0 10084 1
1 0 10085 1
1 0 10085 1
15 0 10086 1
15 0 10087 1
1 0 10088 1
7 0 10091 1
7 0 10092 1
6 0 10092 1
7 0 10093 1
7 0 10094 1
7 0 10094 1
7 0 10095 1
7 0 10096 1
7 0 10098 1
7 0 10100 1
7 0 10104 1
7 0 10105 1
1 0 10106 1
7 0 10106 1
7 0 10106 1
7 0 10107 1
1 0 10110 1
6 0 10111 1
6 0 10111 1
6 0 10113 1
6 0 10115 1
7 0 10116 1
7 0 10117 1
7 0 10118 1
10 0 10120 1
6 0 10121 1
6 0 10121 1
6 0 10122 1
17 0 10123 1
7 0 10124 1
7 0 10126 1
8 0 10130 1
8 0 10132 1
1 0 10133 1
32 0 10133 1
8 0 10133 1
6 0 10134 1
32 0 10139 1
32 0 10141 1
10 0 10141 1
8 0 10143 1
8 0 10144 1
8 0 10145 1
32 0 10146 1
8 0 10148 1
8 0 10148 1
8 0 10149 1
15 0 10153 1
15 0 10156 1
15 0 10157 1
1 0 10158 1
15 0 10162 1
15 0 10164 1
15 0 10169 1
15 0 10170 1
15 0 10174 1
6 0 10184 1
18 0 10190 1
1 0 10191 1
6 0 10194 1
7 0 10199 1
9 0 10200 1
1 0 10200 1
1 0 10204 1
7 0 10207 1
6 0 10214 1
7 0 10217 1
10 0 10222 1
7 0 10223 1
6 0 10224 1
6 0 10224 1
6 0 10224 1
1 0 10228 1
16 0 10230 1
1 0 10232 1
1 0 10233 1
1 0 10233 1
1 0 10233 1
15 0 10235 1
24 0 10238 1
27 0 10239 1
27 0 10240 1
6 0 10241 1
21 0 10241 1
27 0 10242 1
29 0 10242 1
21 0 10243 1
24 0 10245 1
23 0 10246 1
16 0 10248 1
26 0 10249 1
23 0 10249 1
27 0 10251 1
24 0 10251 1
1 0 10251 1
24 0 10253 1
20 0 10253 1
1 0 10253 1
6 0 10257 1
14 0 10259 1
7 0 10263 1
17 0 10266 1
1 0 10267 1
6 0 10268 1
6 0 10272 1
6 0 10272 1
6 0 10272 1
7 0 10277 1
10 0 10278 1
15 0 10282 1
6 0 10282 1
15 0 10282 1
14 0 10282 1
6 0 10282 1
18 0 10283 1
6 0 10283 1
6 0 10284 1
6 0 10284 1
6 0 10285 1
6 0 10286 1
6 0 10287 1
6 0 10288 1
15 0 10288 1
14 0 10289 1
6 0 10290 1
14 0 10290 1
6 0 10291 1
7 0 10291 1
6 0 10292 1
6 0 10292 1
6 0 10293 1
6 0 10293 1
6 0 10293 1
7 0 10294 1
6 0 10298 1
15 0 10299 1
15 0 10299 1
7 0 10300 1
7 0 10301 1
7 0 10301 1
6 0 10305 1
1 0 10308 1
6 0 10309 1
7 0 10309 1
7 0 10309 1
6 0 10309 1
1 0 10311 1
7 0 10313 1
7 0 10313 1
6 0 10313 1
6 0 10315 1
6 0 10315 1
15 0 10315 1
6 0 10316 1
6 0 10316 1
15 0 10316 1
6 0 10320 1
6 0 10320 1
15 0 10324 1
6 0 10324 1
6 0 10325 1
14 0 10325 1
6 0 10326 1
14 0 10327 1
15 0 10329 1
2 0 10333 1
24 0 10333 1
2 0 10334 1
2 0 10335 1
24 0 10335 1
24 0 10336 1
21 0 10337 1
28 0 10338 1
24 0 10339 1
21 0 10339 1
2 0 10342 1
2 0 10342 1
6 0 10346 1
15 0 10346 1
14 0 10346 1
6 0 10347 1
6 0 10348 1
15 0 10350 1
15 0 10350 1
6 0 10350 1
6 0 10351 1
1 0 10351 1
14 0 10353 1
6 0 10354 1
6 0 10355 1
6 0 10355 1
14 0 10355 1
6 0 10356 1
13 0 10359 1
1 0 10360 1
1 0 10363 1
6 0 10363 1
16 0 10365 1
6 0 10365 1
15 0 10365 1
14 0 10366 1
6 0 10366 1
14 0 10366 1
6 0 10367 1
6 0 10370 1
6 0 10370 1
15 0 10370 1
14 0 10370 1
7 0 10370 1
6 0 10371 1
6 0 10371 1
7 0 10373 1
7 0 10374 1
7 0 10375 1
6 0 10376 1
15 0 10376 1
14 0 10376 1
6 0 10376 1
6 0 10377 1
6 0 10377 1
6 0 10377 1
6 0 10378 1
6 0 10378 1
6 0 10378 1
6 0 10378 1
14 0 10378 1
14 0 10378 1
14 0 10379 1
6 0 10379 1
6 0 10380 1
12 0 10380 1
14 0 10381 1
14 0 10382 1
14 0 10384 1
15 0 10385 1
1 0 10385 1
15 0 10387 1
6 0 10387 1
6 0 10388 1
6 0 10389 1
14 0 10389 1
6 0 10390 1
6 0 10390 1
1 0 10391 1
6 0 10392 1
6 0 10393 1
1 0 10394 1
1 0 10398 1
6 0 10400 1
6 0 10401 1
1 0 10401 1
6 0 10411 1
1 0 10417 1
1 0 10417 1
1 0 10418 1
7 0 10420 1
7 0 10421 1
7 0 10422 1
7 0 10427 1
1 0 10427 1
1 0 10429 1
1 0 10429 1
5 0 10430 1
6 0 10433 1
7 0 10445 1
1 0 10445 1
7 0 10448 1
6 0 10451 1
20 0 10455 1
15 0 10455 1
33 0 10456 1
23 0 10456 1
15 0 10457 1
23 0 10457 1
33 0 10458 1
20 0 10458 1
29 0 10459 1
20 0 10459 1
20 0 10463 1
15 0 10463 1
6 0 10464 1
23 0 10466 1
24 0 10470 1
29 0 10470 1
20 0 10470 1
24 0 10471 1
20 0 10472 1
24 0 10473 1
21 0 10474 1
29 0 10474 1
24 0 10475 1
10 0 10475 1
26 0 10475 1
21 0 10476 1
24 0 10477 1
21 0 10477 1
21 0 10478 1
29 0 10478 1
20 0 10479 1
24 0 10480 1
33 0 10481 1
29 0 10482 1
1 0 10485 1
1 0 10486 1
1 0 10487 1
1 0 10488 1
1 0 10488 1
1 0 10494 1
1 0 10500 1
15 0 10501 1
20 0 10510 1
1 0 10510 1
1 0 10511 1
1 0 10512 1
23 0 10515 1
20 0 10515 1
20 0 10516 1
23 0 10516 1
1 0 10516 1
16 0 10517 1
21 0 10517 1
15 0 10517 1
20 0 10518 1
6 0 10523 1
6 0 10523 1
6 0 10525 1
1 0 10525 1
6 0 10525 1
6 0 10526 1
1 0 10527 1
6 0 10528 1
1 0 10529 1
1 0 10530 1
1 0 10531 1
6 0 10534 1
1 0 10537 1
6 0 10537 1
6 0 10538 1
6 0 10538 1
6 0 10538 1
6 0 10539 1
6 0 10539 1
14 0 10539 1
14 0 10540 1
6 0 10542 1
6 0 10543 1
6 0 10547 1
6 0 10548 1
6 0 10550 1
15 0 10552 1
6 0 10552 1
6 0 10552 1
15 0 10555 1
5 0 10559 1
3 0 10559 1
3 0 10561 1
7 0 10562 1
3 0 10565 1
3 0 10568 1
1 0 10590 1
1 0 10602 1
6 0 10609 1
1 0 10612 1
1 0 10613 1
1 0 10614 1
6 0 10614 1
1 0 10615 1
1 0 10616 1
1 0 10618 1
6 0 10618 1
6 0 10618 1
6 0 10621 1
7 0 10623 1
17 0 10624 1
17 0 10625 1
5 0 10626 1
6 0 10626 1
15 0 10629 1
6 0 10629 1
6 0 10631 1
6 0 10632 1
6 0 10633 1
6 0 10634 1
15 0 10634 1
15 0 10634 1
15 0 10635 1
1 0 10635 1
14 0 10635 1
6 0 10635 1
1 0 10636 1
1 0 10641 1
18 0 10642 1
6 0 10646 1
7 0 10646 1
1 0 10647 1
6 0 10647 1
6 0 10648 1
6 0 10648 1
7 0 10648 1
7 0 10649 1
6 0 10650 1
6 0 10650 1
7 0 10650 1
3 0 10652 1
6 0 10655 1
6 0 10656 1
6 0 10662 1
6 0 10666 1
6 0 10667 1
6 0 10667 1
1 0 10674 1
4 0 10674 1
20 0 10679 1
16 0 10679 1
23 0 10679 1
16 0 10680 1
6 0 10680 1
6 0 10680 1
23 0 10681 1
23 0 10682 1
20 0 10683 1
6 0 10684 1
23 0 10684 1
6 0 10685 1
7 0 10691 1
15 0 10700 1
6 0 10700 1
6 0 10700 1
23 0 10700 1
23 0 10702 1
23 0 10703 1
6 0 10704 1
15 0 10704 1
15 0 10705 1
6 0 10705 1
14 0 10705 1
16 0 10706 1
23 0 10707 1
26 0 10707 1
15 0 10710 1
9 0 10711 1
15 0 10712 1
9 0 10714 1
6 0 10715 1
6 0 10716 1
15 0 10716 1
23 0 10722 1
20 0 10724 1
23 0 10725 1
16 0 10725 1
5 0 10728 1
3 0 10728 1
5 0 10730 1
5 0 10731 1
3 0 10734 1
5 0 10734 1
5 0 10734 1
3 0 10736 1
2 0 10736 1
21 0 10739 1
27 0 10740 1
21 0 10742 1
23 0 10745 1
7 0 10751 1
7 0 10756 1
3 0 10769 1
5 0 10770 1
3 0 10771 1
7 0 10771 1
8 0 10777 1
9 0 10784 1
9 0 10785 1
9 0 10785 1
17 0 10795 1
18 0 10798 1
15 0 10830 1
8 0 10830 1
15 0 10835 1
15 0 10835 1
15 0 10836 1
6 0 10846 1
6 0 10865 1
6 0 10865 1
6 0 10865 1
6 0 10865 1
6 0 10872 1
12 0 10879 1
6 0 10883 1
15 0 10887 1
15 0 10887 1
6 0 10892 1
6 0 10903 1
6 0 10905 1
6 0 10905 1
6 0 10905 1
6 0 10905 1
6 0 10908 1
15 0 10909 1
6 0 10911 1
6 0 10912 1
6 0 10914 1
6 0 10915 1
6 0 10917 1
15 0 10918 1
6 0 10923 1
15 0 10927 1
6 0 10927 1
2 0 10930 1
14 0 10934 1
14 0 10934 1
9 0 10942 1
10 0 10959 1
9 0 10968 1
9 0 10972 1
15 0 10982 1
9 0 10989 1
9 0 10992 1
1 0 11001 1
22 0 11006 1
15 0 11047 1
15 0 11057 1
14 0 11072 1
15 0 11074 1
15 0 11075 1
15 0 11083 1
15 0 11084 1
15 0 11088 1
15 0 11094 1
15 0 11094 1
15 0 11097 1
15 0 11097 1
15 0 11097 1
15 0 11098 1
15 0 11098 1
15 0 11105 1
1 0 11105 1
15 0 11106 1
15 0 11107 1
6 0 11109 1
6 0 11109 1
9 0 11122 1
9 0 11123 1
8 0 11147 1
8 0 11149 1
8 0 11149 1
8 0 11154 1
15 0 11156 1
8 0 11159 1
8 0 11161 1
8 0 11162 1
8 0 11169 1
8 0 11171 1
8 0 11172 1
8 0 11176 1
8 0 11178 1
8 0 11179 1
1 0 11179 1
32 0 11182 1
8 0 11184 1
32 0 11184 1
1 0 11200 1
32 0 11200 1
32 0 11202 1
32 0 11203 1
32 0 11205 1
32 0 11211 1
32 0 11211 1
8 0 11211 1
8 0 11219 1
8 0 11220 1
8 0 11222 1
8 0 11223 1
8 0 11231 1
1 0 11234 1
32 0 11239 1
32 0 11241 1
8 0 11243 1
8 0 11246 1
32 0 11254 1
8 0 11265 1
8 0 11272 1
32 0 11273 1
8 0 11275 1
11 0 11279 1
11 0 11287 1
11 0 11288 1
11 0 11288 1
11 0 11289 1
10 0 11289 1
11 0 11290 1
11 0 11295 1
11 0 11305 1
11 0 11306 1
11 0 11312 1
11 0 11313 1
11 0 11314 1
11 0 11316 1
11 0 11318 1
11 0 11319 1
11 0 11320 1
11 0 11321 1
10 0 11323 1
10 0 11328 1
10 0 11329 1
10 0 11343 1
10 0 11344 1
10 0 11345 1
10 0 11346 1
10 0 11353 1
10 0 11355 1
10 0 11359 1
10 0 11361 1
10 0 11362 1
10 0 11371 1
16 0 11385 1
15 0 11385 1
23 0 11403 1
24 0 11405 1
1 0 11412 1
1 0 11416 1
16 0 11417 1
10 0 11424 1
10 0 11431 1
5 0 11432 1
22 0 11439 1
22 0 11440 1
22 0 11440 1
22 0 11442 1
22 0 11449 1
22 0 11451 1
22 0 11458 1
22 0 11463 1
1 0 11468 1
1 0 11472 1
23 0 11473 1
1 0 11473 1
21 0 11473 1
26 0 11473 1
1 0 11478 1
1 0 11478 1
31 0 11478 1
31 0 11478 1
23 0 11483 1
1 0 11485 1
20 0 11485 1
23 0 11485 1
21 0 11485 1
1 0 11490 1
21 0 11492 1
1 0 11495 1
21 0 11496 1
16 0 11496 1
21 0 11499 1
1 0 11499 1
1 0 11516 1
1 0 11520 1
1 0 11521 1
1 0 11524 1
1 0 11525 1
9 0 11529 1
1 0 11530 1
1 0 11530 1
6 0 11533 1
23 0 11534 1
6 0 11536 1
1 0 11538 1
14 0 11539 1
1 0 11539 1
6 0 11539 1
6 0 11540 1
6 0 11541 1
6 0 11541 1
6 0 11541 1
14 0 11542 1
6 0 11542 1
1 0 11542 1
14 0 11544 1
6 0 11544 1
1 0 11547 1
6 0 11554 1
1 0 11554 1
11 0 11555 1
7 0 11563 1
6 0 11564 1
6 0 11566 1
6 0 11566 1
6 0 11566 1
1 0 11567 1
17 0 11579 1
17 0 11579 1
17 0 11579 1
1 0 11579 1
6 0 11579 1
6 0 11580 1
13 0 11580 1
6 0 11581 1
12 0 11596 1
6 0 11597 1
15 0 11601 1
15 0 11601 1
13 0 11609 1
25 0 11612 1
17 0 11613 1
10 0 11613 1
25 0 11616 1
25 0 11617 1
25 0 11620 1
25 0 11623 1
25 0 11623 1
25 0 11624 1
17 0 11624 1
25 0 11626 1
17 0 11627 1
25 0 11628 1
25 0 11629 1
25 0 11631 1
25 0 11631 1
15 0 11644 1
6 0 11645 1
15 0 11645 1
9 0 11646 1
16 0 11652 1
9 0 11656 1
3 0 11663 1
6 0 11667 1
15 0 11667 1
6 0 11673 1
15 0 11673 1
26 0 11681 1
26 0 11682 1
16 0 11683 1
26 0 11683 1
26 0 11685 1
26 0 11686 1
1 0 11686 1
16 0 11686 1
21 0 11690 1
9 0 11691 1
20 0 11693 1
26 0 11697 1
21 0 11698 1
26 0 11699 1
21 0 11699 1
16 0 11699 1
26 0 11700 1
26 0 11703 1
26 0 11703 1
26 0 11703 1
26 0 11703 1
26 0 11705 1
26 0 11705 1
26 0 11705 1
2 0 11711 1
2 0 11712 1
2 0 11713 1
2 0 11716 1
2 0 11719 1
2 0 11719 1
2 0 11720 1
11 0 11720 1
2 0 11722 1
2 0 11722 1
2 0 11723 1
2 0 11724 1
2 0 11740 1
2 0 11741 1
6 0 11742 1
2 0 11742 1
2 0 11742 1
2 0 11744 1
2 0 11747 1
2 0 11749 1
2 0 11758 1
2 0 11759 1
2 0 11776 1
2 0 11785 1
2 0 11791 1
2 0 11797 1
6 0 11835 1
1 0 11837 1
1 0 11837 1
13 0 11838 1
6 0 11841 1
6 0 11848 1
6 0 11848 1
6 0 11854 1
6 0 11854 1
6 0 11860 1
6 0 11870 1
6 0 11892 1
2 0 11892 1
6 0 11896 1
13 0 11901 1
18 0 11903 1
5 0 11921 1
18 0 11923 1
15 0 11930 1
15 0 11930 1
30 0 11935 1
13 0 11937 1
9 0 11955 1
10 0 11959 1
10 0 11971 1
1 0 11973 1
8 0 11997 1
1 0 11999 1
8 0 12000 1
9 0 12001 1
8 0 12002 1
8 0 12003 1
8 0 12007 1
8 0 12008 1
8 0 12011 1
8 0 12012 1
8 0 12013 1
9 0 12016 1
8 0 12020 1
9 0 12021 1
1 0 12065 1
1 0 12065 1
1 0 12067 1
1 0 12070 1
1 0 12084 1
1 0 12085 1
1 0 12090 1
1 0 12090 1
1 0 12096 1
1 0 12098 1
1 0 12098 1
1 0 12099 1
1 0 12100 1
1 0 12113 1
1 0 12120 1
1 0 12120 1
1 0 12124 1
1 0 12127 1
1 0 12128 1
1 0 12128 1
1 0 12129 1
1 0 12130 1
1 0 12131 1
1 0 12133 1
1 0 12150 1
1 0 12152 1
6 0 12210 1
6 0 12220 1
2 0 12236 1
2 0 12236 1
2 0 12237 1
2 0 12242 1
2 0 12244 1
2 0 12244 1
2 0 12245 1
2 0 12246 1
2 0 12247 1
2 0 12248 1
2 0 12251 1
2 0 12251 1
2 0 12255 1
2 0 12258 1
14 0 12259 1
2 0 12261 1
2 0 12265 1
2 0 12266 1
6 0 12268 1
2 0 12271 1
2 0 12271 1
2 0 12272 1
15 0 12275 1
2 0 12276 1
15 0 12292 1
6 0 12302 1
6 0 12302 1
6 0 12302 1
6 0 12306 1
1 0 12308 1
6 0 12311 1
6 0 12312 1
6 0 12313 1
6 0 12314 1
6 0 12315 1
6 0 12319 1
6 0 12325 1
10 0 12336 1
10 0 12337 1
13 0 12338 1
11 0 12338 1
17 0 12351 1
10 0 12355 1
17 0 12356 1
12 0 12357 1
5 0 12358 1
1 0 12358 1
17 0 12359 1
11 0 12360 1
11 0 12360 1
11 0 12362 1
11 0 12363 1
2 0 12366 1
2 0 12368 1
2 0 12368 1
2 0 12369 1
2 0 12373 1
2 0 12374 1
6 0 12375 1
2 0 12376 1
2 0 12376 1
2 0 12376 1
2 0 12377 1
6 0 12380 1
6 0 12380 1
6 0 12381 1
15 0 12381 1
15 0 12382 1
2 0 12383 1
2 0 12383 1
2 0 12386 1
1 0 12389 1
6 0 12390 1
6 0 12390 1
2 0 12391 1
6 0 12396 1
13 0 12400 1
6 0 12404 1
10 0 12406 1
6 0 12408 1
6 0 12408 1
6 0 12411 1
6 0 12411 1
6 0 12412 1
6 0 12413 1
6 0 12414 1
6 0 12414 1
6 0 12415 1
15 0 12415 1
6 0 12418 1
6 0 12423 1
6 0 12425 1
6 0 12425 1
6 0 12427 1
6 0 12427 1
6 0 12428 1
1 0 12429 1
6 0 12431 1
6 0 12431 1
1 0 12431 1
6 0 12432 1
6 0 12432 1
6 0 12432 1
6 0 12434 1
6 0 12435 1
6 0 12439 1
27 0 12441 1
15 0 12441 1
6 0 12441 1
6 0 12445 1
15 0 12446 1
6 0 12446 1
6 0 12447 1
6 0 12448 1
6 0 12450 1
6 0 12450 1
6 0 12451 1
6 0 12453 1
6 0 12454 1
6 0 12455 1
6 0 12456 1
17 0 12457 1
17 0 12458 1
6 0 12458 1
6 0 12459 1
17 0 12459 1
17 0 12460 1
17 0 12461 1
6 0 12461 1
6 0 12462 1
17 0 12462 1
2 0 12466 1
2 0 12468 1
6 0 12469 1
2 0 12479 1
2 0 12480 1
12 0 12489 1
2 0 12489 1
6 0 12491 1
15 0 12524 1
15 0 12525 1
15 0 12527 1
15 0 12529 1
15 0 12536 1
15 0 12537 1
15 0 12537 1
15 0 12541 1
15 0 12543 1
15 0 12544 1
9 0 12550 1
15 0 12554 1
15 0 12555 1
16 0 12556 1
16 0 12556 1
15 0 12558 1
15 0 12559 1
15 0 12565 1
24 0 12566 1
1 0 12566 1
15 0 12566 1
1 0 12566 1
21 0 12566 1
6 0 12574 1
3 0 12580 1
6 0 12586 1
7 0 12586 1
6 0 12587 1
2 0 12590 1
15 0 12591 1
14 0 12591 1
1 0 12594 1
17 0 12594 1
15 0 12600 1
15 0 12600 1
15 0 12603 1
23 0 12603 1
15 0 12605 1
15 0 12606 1
15 0 12607 1
15 0 12611 1
24 0 12611 1
21 0 12611 1
24 0 12612 1
15 0 12613 1
7 0 12624 1
7 0 12626 1
6 0 12628 1
1 0 12632 1
17 0 12634 1
6 0 12636 1
15 0 12649 1
16 0 12661 1
22 0 12661 1
6 0 12661 1
16 0 12663 1
23 0 12663 1
15 0 12663 1
9 0 12665 1
9 0 12665 1
9 0 12666 1
1 0 12668 1
9 0 12669 1
22 0 12669 1
22 0 12670 1
6 0 12670 1
6 0 12670 1
22 0 12671 1
23 0 12672 1
6 0 12672 1
6 0 12674 1
15 0 12674 1
23 0 12676 1
2 0 12680 1
5 0 12682 1
5 0 12683 1
2 0 12683 1
10 0 12686 1
2 0 12687 1
15 0 12693 1
5 0 12695 1
24 0 12707 1
29 0 12707 1
20 0 12707 1
15 0 12708 1
10 0 12709 1
15 0 12710 1
15 0 12711 1
21 0 12711 1
20 0 12712 1
24 0 12713 1
20 0 12713 1
22 0 12716 1
22 0 12717 1
15 0 12719 1
5 0 12723 1
21 0 12724 1
6 0 12737 1
17 0 12750 1
12 0 12757 1
12 0 12759 1
15 0 12777 1
15 0 12777 1
1 0 12784 1
10 0 12789 1
10 0 12790 1
11 0 12790 1
1 0 12790 1
10 0 12791 1
1 0 12793 1
22 0 12802 1
15 0 12808 1
14 0 12810 1
6 0 12810 1
6 0 12811 1
6 0 12812 1
1 0 12812 1
14 0 12817 1
1 0 12817 1
6 0 12820 1
14 0 12821 1
6 0 12825 1
6 0 12826 1
6 0 12826 1
15 0 12826 1
15 0 12828 1
14 0 12828 1
6 0 12828 1
6 0 12829 1
15 0 12829 1
15 0 12829 1
6 0 12830 1
6 0 12831 1
9 0 12833 1
15 0 12838 1
6 0 12840 1
15 0 12841 1
15 0 12841 1
32 0 12841 1
15 0 12842 1
33 0 12842 1
15 0 12847 1
10 0 12850 1
2 0 12857 1
5 0 12857 1
10 0 12858 1
2 0 12858 1
10 0 12859 1
10 0 12861 1
10 0 12865 1
10 0 12869 1
10 0 12869 1
10 0 12870 1
10 0 12872 1
10 0 12872 1
10 0 12873 1
2 0 12875 1
10 0 12876 1
10 0 12881 1
10 0 12882 1
10 0 12887 1
10 0 12888 1
10 0 12891 1
4 0 12898 1
5 0 12899 1
7 0 12900 1
13 0 12913 1
10 0 12940 1
10 0 12941 1
10 0 12948 1
30 0 12954 1
30 0 12956 1
6 0 12972 1
6 0 12972 1
5 0 12979 1
10 0 13001 1
15 0 13008 1
15 0 13015 1
21 0 13015 1
6 0 13016 1
15 0 13016 1
20 0 13016 1
15 0 13017 1
15 0 13017 1
24 0 13017 1
26 0 13018 1
6 0 13018 1
6 0 13020 1
7 0 13025 1
2 0 13032 1
5 0 13072 1
5 0 13077 1
5 0 13080 1
4 0 13087 1
18 0 13094 1
1 0 13104 1
1 0 13105 1
17 0 13110 1
17 0 13111 1
2 0 13145 1
15 0 13148 1
6 0 13150 1
6 0 13151 1
15 0 13152 1
10 0 13152 1
10 0 13153 1
10 0 13154 1
10 0 13155 1
10 0 13155 1
5 0 13155 1
10 0 13158 1
10 0 13159 1
15 0 13160 1
10 0 13160 1
10 0 13162 1
15 0 13162 1
3 0 13163 1
10 0 13163 1
10 0 13166 1
10 0 13167 1
10 0 13168 1
10 0 13168 1
1 0 13171 1
16 0 13171 1
1 0 13173 1
3 0 13175 1
5 0 13181 1
26 0 13181 1
22 0 13185 1
21 0 13186 1
15 0 13186 1
6 0 13186 1
12 0 13187 1
12 0 13188 1
16 0 13188 1
1 0 13188 1
1 0 13188 1
2 0 13189 1
5 0 13191 1
6 0 13192 1
15 0 13193 1
6 0 13193 1
6 0 13194 1
26 0 13196 1
6 0 13200 1
14 0 13202 1
1 0 13204 1
1 0 13205 1
1 0 13205 1
1 0 13206 1
1 0 13207 1
6 0 13210 1
1 0 13211 1
15 0 13213 1
15 0 13213 1
15 0 13213 1
1 0 13219 1
6 0 13220 1
15 0 13220 1
6 0 13225 1
14 0 13226 1
6 0 13227 1
6 0 13227 1
6 0 13228 1
6 0 13229 1
6 0 13229 1
17 0 13234 1
6 0 13236 1
17 0 13237 1
14 0 13242 1
6 0 13243 1
1 0 13243 1
6 0 13244 1
6 0 13246 1
6 0 13251 1
6 0 13252 1
1 0 13252 1
10 0 13255 1
15 0 13263 1
15 0 13268 1
2 0 13268 1
6 0 13269 1
15 0 13270 1
15 0 13276 1
2 0 13276 1
2 0 13282 1
16 0 13288 1
2 0 13289 1
17 0 13293 1
2 0 13296 1
2 0 13297 1
15 0 13298 1
2 0 13300 1
6 0 13308 1
6 0 13308 1
15 0 13308 1
6 0 13309 1
15 0 13309 1
6 0 13310 1
15 0 13310 1
6 0 13311 1
6 0 13312 1
15 0 13313 1
6 0 13313 1
1 0 13324 1
5 0 13326 1
3 0 13327 1
5 0 13327 1
15 0 13335 1
3 0 13336 1
15 0 13336 1
1 0 13340 1
15 0 13342 1
1 0 13343 1
6 0 13343 1
6 0 13345 1
1 0 13382 1
1 0 13386 1
1 0 13410 1
6 0 13472 1
10 0 13487 1
23 0 13490 1
20 0 13491 1
23 0 13492 1
10 0 13492 1
10 0 13494 1
27 0 13494 1
21 0 13494 1
27 0 13496 1
27 0 13496 1
10 0 13501 1
6 0 13524 1
23 0 13564 1
5 0 13586 1
6 0 13596 1
6 0 13596 1
6 0 13596 1
7 0 13611 1
10 0 13615 1
10 0 13616 1
1 0 13639 1
6 0 13666 1
1 0 13668 1
6 0 13670 1
6 0 13671 1
1 0 13673 1
6 0 13676 1
14 0 13679 1
14 0 13679 1
15 0 13679 1
14 0 13683 1
14 0 13684 1
6 0 13685 1
6 0 13687 1
1 0 13701 1
1 0 13712 1
9 0 13714 1
5 0 13740 1
5 0 13741 1
5 0 13742 1
10 0 13742 1
10 0 13744 1
3 0 13763 1
5 0 13763 1
5 0 13764 1
10 0 13771 1
10 0 13773 1
10 0 13775 1
5 0 13793 1
6 0 13793 1
3 0 13795 1
26 0 13816 1
30 0 13817 1
16 0 13818 1
24 0 13821 1
16 0 13822 1
7 0 13825 1
8 0 13825 1
13 0 13831 1
13 0 13835 1
17 0 13835 1
17 0 13861 1
30 0 13868 1
5 0 13871 1
30 0 13875 1
30 0 13876 1
5 0 13876 1
18 0 13876 1
10 0 13876 1
17 0 13876 1
30 0 13877 1
13 0 13887 1
17 0 13894 1
25 0 13894 1
17 0 13900 1
17 0 13902 1
17 0 13905 1
17 0 13932 1
13 0 14004 1
13 0 14021 1
30 0 14034 1
17 0 14034 1
25 0 14034 1
17 0 14034 1
30 0 14034 1
17 0 14035 1
17 0 14036 1
11 0 14041 1
17 0 14044 1
17 0 14097 1
17 0 14109 1
17 0 14111 1
5 0 14117 1
23 0 14130 1
10 0 14133 1
17 0 14165 1
10 0 14169 1
10 0 14170 1
17 0 14177 1
4 0 14177 1
10 0 14177 1
17 0 14179 1
17 0 14179 1
17 0 14180 1
17 0 14180 1
7 0 14187 1
7 0 14188 1
7 0 14195 1
7 0 14197 1
7 0 14199 1
5 0 14219 1
5 0 14220 1
5 0 14221 1
5 0 14233 1
5 0 14235 1
5 0 14236 1
11 0 14238 1
11 0 14239 1
11 0 14241 1
11 0 14242 1
11 0 14242 1
11 0 14242 1
3 0 14248 1
5 0 14260 1
13 0 14269 1
25 0 14273 1
5 0 14295 1
18 0 14372 1
17 0 14372 1
27 0 14378 1
3 0 14381 1
15 0 14390 1
14 0 14390 1
5 0 14395 1
20 0 14397 1
10 0 14397 1
10 0 14398 1
10 0 14398 1
14 0 14400 1
20 0 14401 1
20 0 14409 1
15 0 14411 1
15 0 14414 1
15 0 14422 1
18 0 14425 1
13 0 14428 1
14 0 14428 1
1 0 14428 1
1 0 14430 1
15 0 14433 1
27 0 14437 1
27 0 14437 1
27 0 14440 1
27 0 14441 1
11 0 14448 1
11 0 14448 1
11 0 14448 1
27 0 14448 1
11 0 14451 1
11 0 14452 1
7 0 14460 1
7 0 14474 1
7 0 14476 1
7 0 14477 1
9 0 14477 1
9 0 14478 1
9 0 14508 1
10 0 14513 1
10 0 14513 1
10 0 14515 1
10 0 14515 1
3 0 14516 1
10 0 14516 1
3 0 14519 1
3 0 14520 1
10 0 14522 1
3 0 14524 1
10 0 14524 1
10 0 14524 1
2 0 14597 1
12 0 14606 1
12 0 14607 1
1 0 14609 1
12 0 14610 1
6 0 14614 1
12 0 14614 1
6 0 14615 1
6 0 14616 1
12 0 14618 1
12 0 14618 1
6 0 14619 1
6 0 14620 1
16 0 14623 1
6 0 14623 1
12 0 14623 1
1 0 14623 1
16 0 14624 1
12 0 14624 1
12 0 14624 1
6 0 14625 1
12 0 14626 1
12 0 14628 1
6 0 14629 1
6 0 14632 1
12 0 14633 1
6 0 14633 1
12 0 14634 1
1 0 14634 1
6 0 14635 1
12 0 14636 1
12 0 14638 1
6 0 14638 1
1 0 14639 1
6 0 14643 1
6 0 14643 1
12 0 14644 1
16 0 14644 1
12 0 14645 1
12 0 14645 1
6 0 14646 1
6 0 14647 1
6 0 14648 1
6 0 14649 1
12 0 14649 1
12 0 14649 1
6 0 14650 1
6 0 14652 1
6 0 14652 1
6 0 14654 1
6 0 14655 1
15 0 14657 1
6 0 14658 1
6 0 14659 1
6 0 14660 1
12 0 14660 1
6 0 14660 1
6 0 14661 1
12 0 14661 1
6 0 14662 1
12 0 14662 1
12 0 14663 1
6 0 14664 1
16 0 14665 1
12 0 14665 1
1 0 14668 1
6 0 14670 1
5 0 14670 1
5 0 14671 1
6 0 14672 1
5 0 14673 1
15 0 14674 1
1 0 14674 1
15 0 14683 1
1 0 14683 1
6 0 14689 1
6 0 14690 1
15 0 14692 1
7 0 14693 1
6 0 14695 1
1 0 14695 1
6 0 14698 1
6 0 14699 1
6 0 14699 1
1 0 14700 1
1 0 14702 1
6 0 14702 1
6 0 14708 1
6 0 14708 1
6 0 14712 1
6 0 14713 1
6 0 14717 1
1 0 14722 1
6 0 14736 1
6 0 14736 1
6 0 14737 1
6 0 14737 1
6 0 14739 1
6 0 14739 1
1 0 14746 1
6 0 14757 1
7 0 14761 1
17 0 14769 1
6 0 14773 1
6 0 14795 1
1 0 14796 1
6 0 14797 1
1 0 14797 1
1 0 14798 1
1 0 14801 1
1 0 14802 1
1 0 14802 1
1 0 14803 1
1 0 14805 1
6 0 14807 1
1 0 14809 1
6 0 14812 1
6 0 14813 1
1 0 14814 1
6 0 14814 1
6 0 14815 1
6 0 14816 1
6 0 14817 1
6 0 14817 1
15 0 14817 1
1 0 14818 1
1 0 14825 1
6 0 14827 1
6 0 14829 1
1 0 14830 1
6 0 14836 1
1 0 14837 1
6 0 14837 1
1 0 14838 1
6 0 14838 1
1 0 14839 1
6 0 14840 1
6 0 14842 1
6 0 14851 1
6 0 14852 1
6 0 14854 1
6 0 14858 1
6 0 14859 1
6 0 14863 1
6 0 14864 1
6 0 14868 1
1 0 14869 1
5 0 14871 1
1 0 14874 1
5 0 14874 1
7 0 14879 1
7 0 14882 1
7 0 14885 1
1 0 14886 1
6 0 14888 1
6 0 14891 1
6 0 14892 1
1 0 14892 1
7 0 14897 1
1 0 14905 1
1 0 14905 1
1 0 14905 1
1 0 14905 1
2 0 14908 1
3 0 14909 1
1 0 14911 1
5 0 14911 1
5 0 14912 1
5 0 14913 1
10 0 14914 1
10 0 14923 1
10 0 14924 1
10 0 14924 1
5 0 14925 1
5 0 14926 1
5 0 14927 1
5 0 14927 1
5 0 14931 1
17 0 14943 1
5 0 14944 1
5 0 14945 1
5 0 14945 1
7 0 14946 1
5 0 14948 1
1 0 14948 1
5 0 14954 1
3 0 14954 1
10 0 14956 1
10 0 14957 1
10 0 14958 1
5 0 14958 1
5 0 14959 1
10 0 14959 1
10 0 14961 1
10 0 14961 1
7 0 14962 1
10 0 14963 1
10 0 14964 1
2 0 14965 1
5 0 14966 1
3 0 14966 1
10 0 14966 1
3 0 14968 1
3 0 14969 1
5 0 14969 1
10 0 14971 1
3 0 14979 1
3 0 14980 1
2 0 14986 1
2 0 14987 1
10 0 14989 1
3 0 14993 1
5 0 14993 1
10 0 14993 1
7 0 14993 1
11 0 14993 1
11 0 14993 1
23 0 14993 1
11 0 14996 1
11 0 14996 1
11 0 14998 1
11 0 14998 1
10 0 15002 1
7 0 15002 1
7 0 15002 1
10 0 15002 1
10 0 15005 1
10 0 15007 1
7 0 15008 1
10 0 15008 1
5 0 15008 1
10 0 15009 1
7 0 15010 1
7 0 15014 1
10 0 15017 1
7 0 15018 1
10 0 15019 1
10 0 15027 1
10 0 15028 1
10 0 15029 1
10 0 15046 1
2 0 15047 1
10 0 15047 1
10 0 15048 1
5 0 15055 1
15 0 15055 1
10 0 15056 1
6 0 15057 1
7 0 15058 1
6 0 15058 1
7 0 15064 1
7 0 15064 1
6 0 15073 1
15 0 15079 1
6 0 15079 1
6 0 15080 1
6 0 15082 1
15 0 15084 1
15 0 15089 1
15 0 15089 1
6 0 15090 1
15 0 15091 1
14 0 15091 1
6 0 15091 1
6 0 15092 1
6 0 15092 1
6 0 15093 1
6 0 15096 1
6 0 15097 1
15 0 15097 1
15 0 15098 1
6 0 15098 1
6 0 15100 1
15 0 15101 1
15 0 15103 1
6 0 15103 1
19 0 15106 1
14 0 15107 1
15 0 15115 1
15 0 15116 1
10 0 15119 1
10 0 15122 1
10 0 15123 1
10 0 15124 1
10 0 15125 1
10 0 15126 1
10 0 15135 1
7 0 15136 1
1 0 15138 1
6 0 15139 1
6 0 15143 1
6 0 15144 1
9 0 15144 1
6 0 15145 1
9 0 15148 1
6 0 15149 1
6 0 15150 1
6 0 15151 1
6 0 15158 1
6 0 15159 1
6 0 15160 1
9 0 15165 1
3 0 15167 1
15 0 15169 1
17 0 15182 1
14 0 15202 1
15 0 15203 1
15 0 15204 1
1 0 15205 1
1 0 15212 1
1 0 15222 1
25 0 15225 1
6 0 15232 1
6 0 15232 1
15 0 15236 1
15 0 15236 1
15 0 15237 1
15 0 15238 1
1 0 15239 1
11 0 15243 1
11 0 15244 1
10 0 15245 1
11 0 15247 1
29 0 15254 1
29 0 15256 1
1 0 15268 1
6 0 15268 1
1 0 15269 1
1 0 15271 1
1 0 15272 1
1 0 15272 1
1 0 15272 1
1 0 15276 1
6 0 15283 1
1 0 15286 1
1 0 15288 1
7 0 15295 1
5 0 15297 1
13 0 15307 1
15 0 15312 1
6 0 15317 1
6 0 15319 1
6 0 15320 1
15 0 15320 1
6 0 15321 1
16 0 15321 1
15 0 15331 1
15 0 15332 1
6 0 15334 1
15 0 15335 1
6 0 15338 1
6 0 15338 1
6 0 15340 1
15 0 15340 1
16 0 15340 1
14 0 15340 1
24 0 15348 1
1 0 15349 1
16 0 15349 1
20 0 15350 1
6 0 15350 1
21 0 15351 1
15 0 15355 1
14 0 15355 1
6 0 15355 1
15 0 15355 1
15 0 15356 1
15 0 15357 1
14 0 15357 1
14 0 15358 1
6 0 15359 1
6 0 15359 1
6 0 15360 1
14 0 15360 1
6 0 15362 1
14 0 15363 1
1 0 15363 1
15 0 15366 1
14 0 15366 1
15 0 15366 1
6 0 15366 1
6 0 15366 1
1 0 15367 1
6 0 15367 1
6 0 15368 1
15 0 15368 1
14 0 15368 1
6 0 15369 1
6 0 15369 1
15 0 15370 1
6 0 15370 1
1 0 15372 1
6 0 15374 1
6 0 15374 1
7 0 15374 1
6 0 15375 1
6 0 15375 1
15 0 15376 1
15 0 15377 1
6 0 15377 1
6 0 15377 1
6 0 15379 1
1 0 15379 1
16 0 15379 1
6 0 15380 1
6 0 15380 1
6 0 15381 1
6 0 15381 1
15 0 15381 1
6 0 15382 1
6 0 15382 1
6 0 15383 1
15 0 15383 1
6 0 15384 1
3 0 15384 1
6 0 15385 1
15 0 15385 1
15 0 15385 1
15 0 15385 1
6 0 15386 1
6 0 15386 1
6 0 15387 1
6 0 15387 1
6 0 15388 1
6 0 15390 1
15 0 15390 1
6 0 15392 1
6 0 15394 1
6 0 15394 1
6 0 15394 1
15 0 15394 1
6 0 15395 1
7 0 15395 1
6 0 15396 1
6 0 15397 1
15 0 15397 1
6 0 15398 1
15 0 15398 1
14 0 15399 1
6 0 15399 1
10 0 15402 1
10 0 15403 1
11 0 15403 1
10 0 15404 1
11 0 15406 1
11 0 15407 1
10 0 15408 1
24 0 15409 1
21 0 15410 1
10 0 15410 1
23 0 15411 1
10 0 15413 1
10 0 15414 1
6 0 15417 1
7 0 15418 1
1 0 15418 1
7 0 15420 1
7 0 15422 1
7 0 15423 1
7 0 15424 1
7 0 15427 1
6 0 15429 1
6 0 15436 1
6 0 15436 1
1 0 15441 1
1 0 15441 1
6 0 15441 1
5 0 15444 1
3 0 15445 1
17 0 15448 1
3 0 15450 1
5 0 15451 1
5 0 15452 1
17 0 15455 1
12 0 15461 1
6 0 15461 1
6 0 15461 1
6 0 15462 1
6 0 15462 1
12 0 15463 1
6 0 15463 1
6 0 15464 1
12 0 15464 1
6 0 15466 1
6 0 15468 1
6 0 15469 1
6 0 15470 1
15 0 15470 1
6 0 15471 1
6 0 15471 1
6 0 15472 1
6 0 15472 1
6 0 15474 1
6 0 15474 1
6 0 15475 1
6 0 15475 1
6 0 15475 1
6 0 15476 1
6 0 15476 1
6 0 15476 1
6 0 15477 1
6 0 15478 1
6 0 15479 1
6 0 15479 1
6 0 15479 1
14 0 15481 1
12 0 15481 1
6 0 15481 1
12 0 15482 1
12 0 15483 1
12 0 15484 1
14 0 15485 1
12 0 15485 1
12 0 15486 1
29 0 15490 1
15 0 15490 1
19 0 15490 1
19 0 15491 1
29 0 15491 1
29 0 15492 1
29 0 15493 1
19 0 15494 1
24 0 15495 1
15 0 15496 1
29 0 15497 1
21 0 15497 1
24 0 15498 1
15 0 15498 1
21 0 15499 1
15 0 15499 1
24 0 15501 1
15 0 15501 1
15 0 15502 1
24 0 15503 1
19 0 15503 1
15 0 15503 1
15 0 15503 1
6 0 15505 1
1 0 15508 1
1 0 15509 1
1 0 15509 1
1 0 15510 1
6 0 15512 1
1 0 15515 1
6 0 15515 1
6 0 15516 1
6 0 15517 1
6 0 15518 1
6 0 15519 1
1 0 15520 1
7 0 15520 1
6 0 15522 1
7 0 15523 1
6 0 15524 1
6 0 15525 1
6 0 15532 1
5 0 15533 1
4 0 15541 1
3 0 15542 1
5 0 15542 1
5 0 15542 1
5 0 15543 1
3 0 15543 1
5 0 15546 1
5 0 15546 1
7 0 15550 1
6 0 15550 1
6 0 15554 1
6 0 15555 1
6 0 15557 1
10 0 15557 1
6 0 15563 1
6 0 15564 1
7 0 15565 1
7 0 15567 1
6 0 15567 1
1 0 15567 1
6 0 15568 1
7 0 15578 1
18 0 15581 1
6 0 15582 1
8 0 15583 1
6 0 15588 1
15 0 15588 1
6 0 15589 1
6 0 15590 1
1 0 15590 1
9 0 15590 1
15 0 15592 1
16 0 15593 1
15 0 15593 1
6 0 15598 1
6 0 15599 1
7 0 15599 1
6 0 15601 1
7 0 15603 1
7 0 15603 1
9 0 15605 1
6 0 15606 1
6 0 15609 1
6 0 15610 1
6 0 15610 1
6 0 15612 1
7 0 15614 1
6 0 15615 1
6 0 15615 1
6 0 15619 1
6 0 15622 1
2 0 15622 1
2 0 15623 1
10 0 15623 1
24 0 15626 1
21 0 15626 1
23 0 15627 1
26 0 15627 1
21 0 15627 1
29 0 15628 1
29 0 15628 1
5 0 15630 1
12 0 15630 1
16 0 15631 1
23 0 15631 1
20 0 15632 1
21 0 15633 1
21 0 15633 1
10 0 15636 1
32 0 15636 1
32 0 15641 1
32 0 15643 1
11 0 15643 1
8 0 15643 1
6 0 15651 1
17 0 15651 1
7 0 15663 1
1 0 15663 1
1 0 15665 1
21 0 15675 1
24 0 15675 1
24 0 15676 1
12 0 15676 1
27 0 15677 1
12 0 15678 1
23 0 15678 1
15 0 15678 1
15 0 15679 1
24 0 15679 1
23 0 15680 1
33 0 15681 1
19 0 15682 1
21 0 15682 1
19 0 15683 1
7 0 15689 1
7 0 15690 1
7 0 15693 1
7 0 15694 1
7 0 15712 1
13 0 15716 1
2 0 15716 1
18 0 15717 1
3 0 15717 1
13 0 15718 1
18 0 15718 1
18 0 15720 1
2 0 15721 1
2 0 15724 1
18 0 15727 1
18 0 15727 1
17 0 15728 1
17 0 15728 1
10 0 15729 1
1 0 15730 1
18 0 15738 1
18 0 15739 1
17 0 15746 1
17 0 15747 1
17 0 15748 1
13 0 15748 1
17 0 15750 1
17 0 15752 1
17 0 15753 1
7 0 15753 1
5 0 15759 1
3 0 15759 1
18 0 15760 1
2 0 15761 1
2 0 15762 1
3 0 15762 1
18 0 15763 1
17 0 15767 1
17 0 15768 1
17 0 15769 1
18 0 15769 1
17 0 15771 1
17 0 15773 1
8 0 15776 1
20 0 15776 1
29 0 15777 1
29 0 15777 1
24 0 15777 1
8 0 15778 1
1 0 15778 1
1 0 15779 1
5 0 15782 1
21 0 15782 1
24 0 15782 1
21 0 15783 1
21 0 15783 1
21 0 15784 1
29 0 15784 1
29 0 15785 1
18 0 15789 1
18 0 15792 1
11 0 15792 1
18 0 15793 1
18 0 15793 1
7 0 15803 1
3 0 15804 1
7 0 15805 1
7 0 15806 1
7 0 15809 1
3 0 15809 1
1 0 15811 1
7 0 15811 1
27 0 15815 1
27 0 15816 1
10 0 15816 1
27 0 15817 1
23 0 15817 1
10 0 15820 1
10 0 15821 1
17 0 15822 1
17 0 15822 1
12 0 15827 1
12 0 15829 1
12 0 15832 1
13 0 15833 1
6 0 15834 1
6 0 15835 1
6 0 15844 1
7 0 15845 1
2 0 15846 1
2 0 15847 1
2 0 15849 1
2 0 15850 1
1 0 15850 1
2 0 15851 1
2 0 15852 1
1 0 15861 1
3 0 15861 1
7 0 15862 1
7 0 15863 1
1 0 15863 1
1 0 15864 1
3 0 15864 1
7 0 15866 1
5 0 15867 1
1 0 15867 1
6 0 15869 1
7 0 15870 1
6 0 15882 1
7 0 15888 1
9 0 15888 1
7 0 15889 1
7 0 15889 1
9 0 15889 1
6 0 15892 1
1 0 15892 1
7 0 15893 1
9 0 15893 1
25 0 15898 1
11 0 15898 1
25 0 15899 1
11 0 15901 1
1 0 15909 1
15 0 15910 1
6 0 15915 1
7 0 15916 1
7 0 15917 1
10 0 15920 1
7 0 15923 1
7 0 15932 1
6 0 15932 1
7 0 15933 1
7 0 15936 1
1 0 15938 1
7 0 15938 1
6 0 15938 1
7 0 15939 1
7 0 15939 1
1 0 15939 1
15 0 15948 1
15 0 15952 1
22 0 15953 1
16 0 15954 1
1 0 15954 1
15 0 15955 1
15 0 15955 1
16 0 15955 1
23 0 15955 1
22 0 15955 1
15 0 15956 1
15 0 15957 1
1 0 15959 1
1 0 15959 1
32 0 15963 1
32 0 15964 1
8 0 15964 1
22 0 15967 1
8 0 15968 1
8 0 15968 1
8 0 15969 1
17 0 15973 1
18 0 15973 1
17 0 15974 1
17 0 15975 1
17 0 15979 1
6 0 15982 1
6 0 15983 1
6 0 15985 1
6 0 15986 1
1 0 15987 1
1 0 15988 1
6 0 15989 1
6 0 15990 1
1 0 15990 1
6 0 16000 1
1 0 16000 1
1 0 16002 1
6 0 16005 1
6 0 16008 1
7 0 16010 1
6 0 16013 1
7 0 16014 1
10 0 16015 1
1 0 16015 1
6 0 16016 1
20 0 16033 1
23 0 16033 1
5 0 16033 1
17 0 16034 1
20 0 16035 1
23 0 16035 1
21 0 16035 1
20 0 16036 1
5 0 16037 1
31 0 16038 1
6 0 16038 1
3 0 16040 1
6 0 16048 1
6 0 16049 1
6 0 16051 1
6 0 16051 1
7 0 16052 1
7 0 16054 1
6 0 16059 1
6 0 16060 1
1 0 16071 1
17 0 16075 1
17 0 16081 1
2 0 16086 1
1 0 16086 1
1 0 16087 1
5 0 16087 1
6 0 16089 1
1 0 16090 1
9 0 16096 1
6 0 16098 1
1 0 16098 1
1 0 16099 1
10 0 16099 1
6 0 16099 1
12 0 16102 1
2 0 16103 1
1 0 16104 1
1 0 16105 1
6 0 16105 1
5 0 16107 1
2 0 16107 1
7 0 16109 1
5 0 16111 1
16 0 16112 1
16 0 16114 1
6 0 16116 1
6 0 16123 1
6 0 16126 1
5 0 16126 1
6 0 16127 1
6 0 16127 1
7 0 16128 1
7 0 16129 1
6 0 16130 1
7 0 16133 1
7 0 16134 1
6 0 16135 1
6 0 16142 1
7 0 16142 1
1 0 16142 1
6 0 16143 1
6 0 16145 1
6 0 16146 1
6 0 16147 1
15 0 16147 1
6 0 16150 1
10 0 16151 1
10 0 16151 1
6 0 16151 1
1 0 16153 1
1 0 16154 1
1 0 16155 1
1 0 16155 1
6 0 16156 1
6 0 16156 1
6 0 16156 1
6 0 16156 1
6 0 16157 1
5 0 16162 1
5 0 16162 1
17 0 16162 1
3 0 16163 1
10 0 16163 1
17 0 16164 1
7 0 16166 1
17 0 16166 1
5 0 16169 1
17 0 16174 1
17 0 16175 1
18 0 16177 1
3 0 16179 1
1 0 16183 1
6 0 16183 1
6 0 16185 1
6 0 16186 1
6 0 16187 1
6 0 16188 1
6 0 16188 1
6 0 16189 1
15 0 16192 1
1 0 16193 1
6 0 16193 1
17 0 16194 1
17 0 16195 1
6 0 16195 1
6 0 16196 1
6 0 16198 1
6 0 16199 1
1 0 16200 1
1 0 16203 1
1 0 16203 1
18 0 16203 1
1 0 16204 1
1 0 16205 1
15 0 16206 1
15 0 16206 1
6 0 16208 1
15 0 16208 1
6 0 16209 1
6 0 16211 1
14 0 16212 1
13 0 16213 1
6 0 16213 1
9 0 16216 1
6 0 16217 1
6 0 16218 1
7 0 16219 1
1 0 16224 1
27 0 16225 1
27 0 16230 1
5 0 16234 1
1 0 16234 1
32 0 16238 1
8 0 16240 1
3 0 16241 1
9 0 16241 1
5 0 16242 1
10 0 16242 1
32 0 16244 1
5 0 16245 1
8 0 16247 1
32 0 16247 1
